2.848380 -1.210240 -0.829256
3.312210 -1.408680 -0.830969
4.059240 -1.727230 -0.857496
4.839740 -2.061330 -0.833170
6.287150 -2.680400 -0.839192
2.858340 -1.226270 -0.833397
3.314690 -1.422730 -0.832769
4.027930 -1.730540 -0.852153
4.840130 -2.080490 -0.834422
6.281870 -2.702800 -0.839680
2.854260 -1.235740 -0.833397
3.277510 -1.420340 -0.824671
4.004160 -1.736070 -0.848337
4.832840 -2.097370 -0.834422
6.254190 -2.716800 -0.837242
2.860550 -1.250340 -0.836503
3.272540 -1.431780 -0.824671
4.016060 -1.757910 -0.852153
4.843580 -2.122150 -0.837550
6.262850 -2.746590 -0.839680
2.843800 -1.254860 -0.832880
3.281780 -1.449490 -0.828270
4.836150 -2.139050 -0.837550
6.224180 -2.755580 -0.835780
2.828810 -1.260060 -0.829774
3.283820 -1.464110 -0.830069
3.985760 -1.777910 -0.848337
4.828650 -2.155920 -0.837550
6.214520 -2.777290 -0.835780
2.836730 -1.275470 -0.833397
3.264470 -1.469170 -0.826470
3.932980 -1.770850 -0.838415
4.795880 -2.161390 -0.833170
6.186700 -2.790800 -0.833343
2.825220 -1.282170 -0.831327
3.273520 -1.487000 -0.830069
3.973250 -1.805690 -0.848337
4.791900 -2.179760 -0.833796
6.223890 -2.833770 -0.839680
2.824240 -1.293630 -0.832362
3.261220 -1.495170 -0.828270
3.920530 -1.798270 -0.838415
4.787860 -2.198120 -0.834422
6.195920 -2.847190 -0.837242
2.819710 -1.303490 -0.832362
3.259520 -1.508180 -0.829170
3.914220 -1.811940 -0.838415
4.798080 -2.223120 -0.837550
6.142730 -2.848750 -0.831393
2.797630 -1.305150 -0.827186
3.254230 -1.519550 -0.829170
3.907880 -1.825600 -0.838415
4.765240 -2.228140 -0.833170
6.147130 -2.876910 -0.833343
2.801800 -1.319020 -0.829774
3.245390 -1.529240 -0.828270
3.937000 -1.855970 -0.846047
4.757430 -2.244760 -0.833170
6.137050 -2.898350 -0.833343
2.800670 -1.330450 -0.830809
3.231230 -1.536370 -0.826020
3.895040 -1.852830 -0.838415
4.756700 -2.264750 -0.834422
6.144810 -2.928290 -0.835780
2.797750 -1.341060 -0.831327
3.233140 -1.550450 -0.827820
3.923940 -1.883410 -0.846047
4.749160 -2.280520 -0.834422
6.135070 -2.948650 -0.835780
2.786330 -1.346960 -0.829256
3.234730 -1.565120 -0.829619
3.917680 -1.896410 -0.846047
4.726950 -2.290190 -0.831919
6.106880 -2.961390 -0.833343
2.785080 -1.358380 -0.830292
3.229250 -1.576400 -0.829619
3.903980 -1.906630 -0.844521
4.733130 -2.313620 -0.834422
6.096500 -2.982690 -0.833343
2.766460 -1.361270 -0.826150
3.221980 -1.586810 -0.829170
3.897300 -1.920240 -0.844521
4.707300 -2.321390 -0.831293
6.086580 -3.002890 -0.833343
7.079730 -3.495950 -0.690796
2.774040 -1.376440 -0.829774
3.209710 -1.594010 -0.827370
3.897940 -1.936650 -0.846047
4.685430 -2.329950 -0.828790
6.076590 -3.023060 -0.833343
8.630470 -4.297350 -0.843493
17.538000 -8.744150 -0.342067
2.764280 -1.383040 -0.828221
3.213120 -1.609010 -0.829619
3.908710 -1.959040 -0.849863
4.691810 -2.352550 -0.831293
6.087290 -3.054930 -0.836268
8.615420 -4.327450 -0.843493
14.998300 -7.540080 -0.879768
17.525300 -8.814300 -0.342416
2.769540 -1.398390 -0.831327
3.201990 -1.618140 -0.828270
3.894490 -1.969810 -0.848337
4.693730 -2.375090 -0.833170
6.026460 -3.052110 -0.829443
8.599500 -4.359000 -0.843493
14.995500 -7.607660 -0.881233
17.525000 -8.894760 -0.343044
2.759230 -1.405900 -0.829774
3.204710 -1.634290 -0.830519
3.842130 -1.960200 -0.838415
4.677950 -2.388680 -0.831919
6.061740 -3.096610 -0.835780
8.619710 -4.407130 -0.846979
14.926200 -7.638120 -0.878721
17.518700 -8.968640 -0.343533
2.756270 -1.415920 -0.830292
3.185410 -1.637780 -0.826920
3.835600 -1.972930 -0.838415
4.652440 -2.395140 -0.828790
6.033790 -3.107600 -0.833343
8.569630 -4.417430 -0.843493
14.943400 -7.709550 -0.881233
17.528000 -9.046860 -0.344301
2.744700 -1.421500 -0.828221
3.174770 -1.645650 -0.825570
4.605900 -2.390530 -0.821907
6.009350 -3.120280 -0.831393
8.554930 -4.445830 -0.843493
16.052100 -8.352650 -0.315854
2.748530 -1.435070 -0.830809
3.158940 -1.650750 -0.822871
3.822430 -1.998320 -0.838415
4.643460 -2.429600 -0.830041
5.995460 -3.138350 -0.830905
8.540140 -4.474170 -0.843493
14.867200 -7.795500 -0.879768
15.857900 -8.318520 -0.312573
2.741290 -1.444710 -0.830292
3.161190 -1.667410 -0.825120
4.644570 -2.452950 -0.831919
5.961750 -3.151260 -0.827980
8.522900 -4.506930 -0.843493
14.837100 -7.852530 -0.879768
15.666800 -8.295130 -0.309431
2.736230 -1.454270 -0.830292
3.167690 -1.684290 -0.828270
3.807680 -2.026290 -0.838415
4.618980 -2.459060 -0.828790
5.958280 -3.174740 -0.828955
8.507110 -4.536650 -0.843493
14.835700 -7.914850 -0.881233
15.514200 -8.283840 -0.306988
2.736510 -1.466070 -0.831844
3.154920 -1.691650 -0.826470
3.800940 -2.038900 -0.838415
4.617330 -2.478900 -0.830041
5.940160 -3.191760 -0.827980
8.492020 -4.564840 -0.843493
14.846600 -7.987410 -0.883536
15.345800 -8.259420 -0.304195
2.721170 -1.470110 -0.828739
3.128720 -1.690990 -0.821071
3.793800 -2.052160 -0.838415
4.570860 -2.473520 -0.823158
5.953980 -3.224680 -0.831393
8.476040 -4.594450 -0.843493
14.714700 -7.979470 -0.877255
15.193900 -8.246170 -0.301752
2.719680 -1.480970 -0.829774
3.136490 -1.709360 -0.824671
3.786620 -2.065390 -0.838415
4.572600 -2.495140 -0.825035
5.956630 -3.253060 -0.833343
8.459950 -4.624010 -0.843493
14.681900 -8.031430 -0.877046
15.072000 -8.248270 -0.299902
2.714230 -1.490930 -0.829774
3.126790 -1.718970 -0.823771
3.779020 -2.079250 -0.838415
4.563430 -2.511880 -0.825035
5.916850 -3.259540 -0.829443
8.491800 -4.681920 -0.848374
14.592900 -8.052380 -0.873487
14.915600 -8.233880 -0.297389
2.705370 -1.498990 -0.828739
3.137510 -1.739870 -0.828270
3.771740 -2.092430 -0.838415
4.564550 -2.534340 -0.826913
5.919310 -3.287890 -0.831393
8.426640 -4.684430 -0.843493
14.519300 -8.078020 -0.870766
14.816900 -8.246990 -0.295993
2.710500 -1.513610 -0.831844
3.114710 -1.740750 -0.823771
3.764780 -2.104930 -0.838415
4.528540 -2.534030 -0.821907
5.922240 -3.315250 -0.833343
8.411060 -4.712350 -0.843493
14.440200 -8.096820 -0.867626
14.695300 -8.243250 -0.294108
2.693680 -1.515950 -0.828221
3.108920 -1.751070 -0.823771
3.801880 -2.143120 -0.848337
4.537320 -2.558740 -0.825035
5.882970 -3.320290 -0.829443
8.394560 -4.741680 -0.843493
14.352700 -8.113760 -0.864067
14.621200 -8.268910 -0.293200
2.691470 -1.527720 -0.829256
3.105870 -1.764380 -0.824671
3.749620 -2.131810 -0.838415
4.517610 -2.569490 -0.823158
5.867310 -3.339870 -0.828955
8.377130 -4.772420 -0.843493
14.274300 -8.138610 -0.861136
14.510900 -8.276860 -0.291595
2.682500 -1.535660 -0.828221
3.096000 -1.773810 -0.823771
3.742160 -2.144890 -0.838415
4.525300 -2.595860 -0.826287
5.855610 -3.360330 -0.828955
8.360420 -4.801630 -0.843493
14.192100 -8.157540 -0.857891
14.388300 -8.273640 -0.289710
2.672370 -1.541650 -0.826668
3.100230 -1.789920 -0.826470
3.735020 -2.157290 -0.838415
4.516660 -2.610850 -0.826287
5.844440 -3.379730 -0.828955
8.344450 -4.829330 -0.843493
14.111400 -8.173520 -0.854646
14.322700 -8.299250 -0.288942
2.665570 -1.549530 -0.826150
3.090910 -1.798230 -0.825570
3.727850 -2.169660 -0.838415
4.470430 -2.603940 -0.819404
5.832610 -3.400110 -0.828955
8.327540 -4.858430 -0.843493
14.136000 -8.250470 -0.857786
14.229800 -8.311880 -0.287651
2.666540 -1.563200 -0.828221
3.081250 -1.807040 -0.824671
3.719870 -2.183310 -0.838415
4.484700 -2.634310 -0.823784
5.810430 -3.414420 -0.827493
8.310530 -4.887470 -0.843493
14.298400 -8.415700 -0.869510
14.157600 -8.336130 -0.286778
2.656080 -1.569550 -0.826668
3.067900 -1.814350 -0.822871
3.712230 -2.196280 -0.838415
4.465280 -2.643910 -0.821907
5.808130 -3.441760 -0.828955
8.293420 -4.916440 -0.843493
14.227700 -8.441100 -0.866997
14.100900 -8.369170 -0.286219
2.647270 -1.576840 -0.825633
3.065210 -1.826510 -0.823771
3.704540 -2.209230 -0.838415
4.473450 -2.668830 -0.825035
5.742140 -3.428440 -0.821156
8.255680 -4.933100 -0.841402
14.177400 -8.474910 -0.865637
14.016700 -8.385490 -0.285103
2.642020 -1.585610 -0.825633
3.072180 -1.845220 -0.827370
3.697190 -2.221500 -0.838415
4.447180 -2.674250 -0.821907
5.798170 -3.489400 -0.830905
8.242690 -4.962500 -0.841750
14.118600 -8.506820 -0.863857
14.031600 -8.457730 -0.285975
2.633170 -1.592820 -0.824597
3.049370 -1.845310 -0.822871
3.689420 -2.234390 -0.838415
4.461940 -2.703310 -0.826287
5.789960 -3.510670 -0.831393
8.242350 -5.001580 -0.843493
14.186000 -8.611630 -0.869719
14.034500 -8.526390 -0.286638
2.631170 -1.603550 -0.825633
3.039590 -1.853910 -0.821971
3.725560 -2.273200 -0.848337
4.428870 -2.704460 -0.821907
5.750570 -3.514300 -0.827493
8.225720 -5.028890 -0.843493
14.302300 -8.750750 -0.878721
14.014900 -8.581590 -0.286848
2.635430 -1.618790 -0.828739
3.033100 -1.864510 -0.821971
3.674120 -2.259450 -0.838415
4.409310 -2.713690 -0.820030
5.738270 -3.534350 -0.827493
8.208120 -5.057570 -0.843493
14.227500 -8.773360 -0.875999
13.983100 -8.629410 -0.286813
2.619910 -1.621880 -0.825633
3.023260 -1.873040 -0.821071
3.666210 -2.272260 -0.838415
4.419960 -2.741560 -0.823784
5.682050 -3.527140 -0.821156
8.190410 -5.086190 -0.843493
14.196800 -8.822970 -0.875999
14.010600 -8.714070 -0.288000
3.016700 -1.883580 -0.821071
3.658260 -2.285050 -0.838415
4.400310 -2.750690 -0.821907
5.703360 -3.568010 -0.826030
8.172610 -5.114750 -0.843493
14.145600 -8.859750 -0.874743
14.098700 -8.837270 -0.290443
2.606890 -1.639100 -0.825115
3.013400 -1.896170 -0.821971
3.650260 -2.297800 -0.838415
4.400710 -2.772350 -0.823784
5.690870 -3.587890 -0.826030
8.154710 -5.143250 -0.843493
14.065600 -8.878160 -0.871708
14.034000 -8.865070 -0.289745
2.609310 -1.653360 -0.827703
3.000180 -1.902510 -0.820172
3.642220 -2.310530 -0.838415
4.334300 -2.751690 -0.813146
5.678310 -3.607740 -0.826030
8.136700 -5.171680 -0.843493
14.014300 -8.914340 -0.870452
14.902100 -9.486360 -0.308349
2.603230 -1.662920 -0.827703
3.011250 -1.925040 -0.825120
3.633720 -2.323860 -0.838415
4.357460 -2.788860 -0.819404
5.631620 -3.607110 -0.821156
8.097560 -5.188570 -0.841402
13.974800 -8.961330 -0.870033
14.811700 -9.501610 -0.307162
2.589290 -1.666770 -0.825115
2.991740 -1.926570 -0.821521
3.625590 -2.336530 -0.838415
4.361470 -2.811860 -0.821907
5.652980 -3.647290 -0.826030
8.082750 -5.218960 -0.841750
13.914800 -8.988120 -0.868149
14.701100 -9.503320 -0.305557
2.578890 -1.672190 -0.823562
2.985000 -1.937000 -0.821521
3.617820 -2.348540 -0.838415
4.328440 -2.812000 -0.817527
5.606930 -3.645360 -0.821156
8.035330 -5.226190 -0.838613
13.702600 -8.918960 -0.856844
14.584100 -9.500010 -0.303811
2.584350 -1.688580 -0.827186
2.978220 -1.947410 -0.821521
3.609600 -2.361160 -0.838415
4.364880 -2.857380 -0.826287
5.637350 -3.693190 -0.827493
13.683000 -8.974410 -0.857577
14.510700 -9.524520 -0.302974
2.576830 -1.696530 -0.826668
2.973030 -1.958870 -0.821971
3.601340 -2.373740 -0.838415
4.285620 -2.826920 -0.813146
5.581350 -3.684410 -0.821156
13.691600 -9.048550 -0.860089
14.440700 -9.550850 -0.302206
2.564450 -1.701240 -0.824597
2.962930 -1.967080 -0.821071
3.593030 -2.386300 -0.838415
4.308630 -2.863730 -0.819404
5.568450 -3.703870 -0.821156
7.986800 -5.314460 -0.839310
13.561900 -9.030970 -0.853913
14.344000 -9.559060 -0.300880
2.555290 -1.708030 -0.823562
2.959290 -1.979570 -0.821971
3.584680 -2.398830 -0.838415
4.311740 -2.887550 -0.821907
5.555490 -3.723290 -0.821156
7.948340 -5.328990 -0.837218
13.495400 -9.054880 -0.851715
14.280700 -9.589000 -0.300251
2.546100 -1.714780 -0.822527
2.965280 -1.998600 -0.825570
3.533960 -2.382790 -0.828493
4.272160 -2.882690 -0.816275
5.542460 -3.742660 -0.821156
7.926390 -5.354470 -0.836869
13.468700 -9.105290 -0.852029
14.220600 -9.620860 -0.299693
2.546500 -1.728000 -0.824597
2.942170 -1.998000 -0.821071
3.515880 -2.388490 -0.826203
4.262070 -2.897590 -0.816275
5.549060 -3.775380 -0.824081
7.906710 -5.383490 -0.836869
13.481400 -9.182610 -0.854856
14.188600 -9.671570 -0.299728
2.552900 -1.746050 -0.828739
2.931960 -2.006050 -0.820172
3.558940 -2.436850 -0.838415
4.238380 -2.904250 -0.813772
5.516200 -3.781260 -0.821156
7.887870 -5.411060 -0.836869
13.441100 -9.227440 -0.854437
14.204200 -9.755000 -0.300775
2.537250 -1.748370 -0.825633
2.911750 -2.007930 -0.816572
3.508390 -2.420280 -0.828493
4.241220 -2.928010 -0.816275
5.502300 -3.801450 -0.821156
7.875490 -5.443090 -0.837567
13.418600 -9.281120 -0.855065
14.153700 -9.793150 -0.300426
2.930690 -2.035360 -0.823771
3.474130 -2.414580 -0.822387
4.225000 -2.937550 -0.815024
5.489660 -3.819680 -0.821156
7.856450 -5.470550 -0.837567
13.418900 -9.347250 -0.857054
14.145600 -9.860790 -0.300984
2.528460 -1.767810 -0.826668
2.913990 -2.038880 -0.821071
3.475750 -2.432840 -0.824677
4.234140 -2.965880 -0.818778
5.476300 -3.838820 -0.821156
7.828470 -5.489710 -0.836521
13.427100 -9.422720 -0.859671
2.519110 -1.774400 -0.825633
2.910040 -2.051280 -0.821971
3.525000 -2.485690 -0.838415
4.197940 -2.962420 -0.813772
5.488810 -3.876230 -0.825056
7.809260 -5.517000 -0.836521
14.311500 -10.125600 -0.306010
2.893330 -2.054660 -0.819272
3.458680 -2.457050 -0.824677
4.200450 -2.986210 -0.816275
5.491420 -3.906880 -0.827493
7.789960 -5.544220 -0.836521
13.372400 -9.524340 -0.860403
14.251800 -10.154500 -0.305452
2.514520 -1.797570 -0.828221
2.883330 -2.061980 -0.818372
3.507560 -2.510240 -0.838415
4.187310 -2.997820 -0.815649
5.436480 -3.895010 -0.821156
7.777030 -5.576030 -0.837218
13.457600 -9.652440 -0.867940
2.491300 -1.793480 -0.822527
2.882440 -2.076580 -0.820172
3.499220 -2.521860 -0.838415
4.167210 -3.005490 -0.813772
5.448600 -3.932550 -0.825056
7.745580 -5.592450 -0.835824
13.435100 -9.707550 -0.868672
2.492840 -1.807830 -0.825115
2.894100 -2.100370 -0.825570
3.490390 -2.534060 -0.838415
4.156690 -3.020010 -0.813772
5.409150 -3.932860 -0.821156
7.745340 -5.633520 -0.837915
13.365600 -9.728530 -0.866369
2.483400 -1.814250 -0.824080
2.858430 -2.089760 -0.817472
3.424480 -2.504500 -0.824677
4.130190 -3.022840 -0.810643
5.395390 -3.951720 -0.821156
7.712770 -5.651100 -0.836521
13.294500 -9.747960 -0.863962
2.470830 -1.818320 -0.822009
2.854260 -2.102030 -0.818372
3.431520 -2.528090 -0.828493
4.148230 -3.058340 -0.816275
5.413510 -3.994100 -0.826030
7.683380 -5.670890 -0.835475
13.225100 -9.768200 -0.861659
13.921200 -10.289900 -0.302171
2.470670 -1.831540 -0.824080
2.850030 -2.114310 -0.819272
4.118500 -3.058670 -0.812521
5.425030 -4.031920 -0.829930
7.698720 -5.723830 -0.839310
13.163700 -9.794040 -0.859880
13.756900 -10.242900 -0.299379
2.465810 -1.841310 -0.824597
2.833270 -2.117240 -0.816572
3.413790 -2.551980 -0.828493
4.133100 -3.091960 -0.817527
5.353710 -4.008000 -0.821156
7.665930 -5.741110 -0.837915
13.113400 -9.827950 -0.858833
13.599500 -10.199700 -0.296726
2.448560 -1.841780 -0.820974
2.832090 -2.131810 -0.818372
3.445640 -2.594590 -0.838415
4.106510 -3.094480 -0.814398
5.339690 -4.026670 -0.821156
7.617220 -5.746240 -0.834778
13.045600 -9.848400 -0.856635
2.449820 -1.856140 -0.823562
2.818420 -2.136970 -0.816572
3.436560 -2.606600 -0.838415
4.070510 -3.089680 -0.809392
5.325600 -4.045280 -0.821156
7.590770 -5.767970 -0.834080
12.974500 -9.866070 -0.854228
13.368800 -10.173300 -0.293235
2.435640 -1.858820 -0.820974
2.812490 -2.147980 -0.817022
3.427440 -2.618580 -0.838415
4.087940 -3.125470 -0.815024
5.280620 -4.038800 -0.816281
7.576910 -5.799280 -0.834778
13.076400 -10.015700 -0.863229
13.335000 -10.217500 -0.293235
2.438660 -1.873950 -0.824080
2.802260 -2.154920 -0.816122
3.418740 -2.629930 -0.838415
4.083820 -3.143830 -0.816275
5.298660 -4.080510 -0.821156
7.551330 -5.819510 -0.834080
12.949800 -9.987090 -0.857054
13.263100 -10.232400 -0.292398
2.423260 -1.874940 -0.820974
2.799720 -2.167780 -0.817472
3.410000 -2.641250 -0.838415
4.073370 -3.157350 -0.816275
5.284380 -4.098990 -0.821156
7.531990 -5.844520 -0.834080
12.907100 -10.022600 -0.856426
2.413650 -1.881010 -0.819939
2.789060 -2.175140 -0.816572
3.323360 -2.592760 -0.819334
4.059210 -3.169120 -0.815649
5.270040 -4.117410 -0.821156
7.511540 -5.870770 -0.834080
12.969600 -10.143900 -0.862915
2.407070 -1.889420 -0.819939
2.793710 -2.194490 -0.820172
3.391470 -2.664990 -0.838415
4.051230 -3.185710 -0.816275
5.255630 -4.135780 -0.821156
7.469090 -5.879700 -0.831640
12.963900 -10.212600 -0.864904
2.406530 -1.902610 -0.822009
2.770750 -2.192140 -0.815673
3.382150 -2.676820 -0.838415
4.033890 -3.194930 -0.815024
5.241170 -4.154100 -0.821156
7.470370 -5.923070 -0.834080
12.943800 -10.270200 -0.865951
2.405920 -1.915810 -0.824080
2.763090 -2.201800 -0.815673
3.372790 -2.688610 -0.838415
4.028890 -3.213920 -0.816275
5.195610 -4.147600 -0.816281
7.443430 -5.944140 -0.833383
12.931300 -10.334000 -0.867521
2.399210 -1.924200 -0.824080
2.767540 -2.221190 -0.819272
3.286840 -2.638910 -0.819334
4.002250 -3.215590 -0.813146
5.212040 -4.190590 -0.821156
7.410210 -5.960090 -0.831989
12.794000 -10.297700 -0.860717
2.375950 -1.919210 -0.818386
2.750680 -2.223480 -0.816572
3.277600 -2.650370 -0.819334
3.987930 -3.227060 -0.812521
5.197380 -4.208750 -0.821156
7.220610 -5.849220 -0.812989
7.203630 -5.841720 -0.161889
2.375230 -1.932360 -0.820456
2.732710 -2.223980 -0.813423
3.961890 -3.227790 -0.809392
5.152620 -4.200880 -0.816281
7.170820 -5.850460 -0.809677
7.159970 -5.847850 -0.161365
2.364330 -1.936560 -0.818903
2.735480 -2.242160 -0.816572
3.971980 -3.259140 -0.813772
5.144060 -4.223880 -0.817256
7.116340 -5.853750 -0.160841
2.355720 -1.943980 -0.818386
2.715610 -2.241770 -0.812973
3.969140 -3.281230 -0.815649
5.129290 -4.241810 -0.817256
2.351890 -1.954660 -0.819421
2.713370 -2.256690 -0.814773
3.261410 -2.713450 -0.824677
3.948550 -3.287480 -0.813772
5.092350 -4.242790 -0.813844
2.337650 -1.956660 -0.816833
2.711850 -2.270680 -0.816572
3.251920 -2.724820 -0.824677
3.946710 -3.308170 -0.815649
5.087380 -4.267310 -0.815306
2.331150 -1.964400 -0.816833
2.706890 -2.282640 -0.817472
3.221860 -2.717860 -0.819334
3.935140 -3.321920 -0.815649
5.084590 -4.295290 -0.817256
2.322800 -1.971280 -0.816315
2.684050 -2.279460 -0.812973
3.233300 -2.746890 -0.824677
3.914490 -3.327960 -0.813772
5.069560 -4.313010 -0.817256
2.320310 -1.983140 -0.817868
2.676080 -2.288820 -0.812973
3.902850 -3.341610 -0.813772
5.033370 -4.312600 -0.813844
2.310450 -1.988700 -0.816833
2.671020 -2.300690 -0.813873
3.214040 -2.769390 -0.824677
3.888170 -3.352630 -0.813146
5.012280 -4.324950 -0.812869
2.303490 -1.996760 -0.816833
2.668860 -2.315110 -0.815673
3.183590 -2.762580 -0.819334
3.873460 -3.363590 -0.812521
4.997150 -4.342420 -0.812869
6.968220 -6.065930 -0.161260
2.286320 -1.995890 -0.813209
2.657830 -2.321840 -0.814773
3.173930 -2.773680 -0.819334
3.873590 -3.387490 -0.815024
5.002870 -4.378140 -0.816281
6.974070 -6.113940 -0.161889
2.296750 -2.019170 -0.819421
2.655560 -2.336260 -0.816572
3.164230 -2.784740 -0.819334
3.849890 -3.390550 -0.812521
4.972670 -4.382450 -0.813844
6.971750 -6.152920 -0.162307
2.281010 -2.019490 -0.816315
2.636130 -2.334710 -0.812973
3.227950 -2.860880 -0.838415
3.838620 -3.403300 -0.812521
4.943260 -4.385750 -0.811406
6.968170 -6.193150 -0.162726
2.269980 -2.023190 -0.814762
2.625060 -2.341310 -0.812073
3.838510 -3.427200 -0.815024
4.924960 -4.400330 -0.810919
6.966960 -6.233560 -0.163180
2.261460 -2.029810 -0.814245
2.628880 -2.360410 -0.815673
3.208400 -2.882780 -0.838415
3.809490 -3.424070 -0.811269
4.913290 -4.419290 -0.811406
6.964480 -6.275240 -0.163634
2.244330 -2.028620 -0.810621
2.605760 -2.356960 -0.811173
3.808630 -3.448610 -0.813772
4.911770 -4.450600 -0.813844
6.962160 -6.319540 -0.164122
2.254380 -2.052050 -0.816833
2.597510 -2.366040 -0.811173
3.796570 -3.461890 -0.813772
4.878610 -4.451660 -0.810919
6.966620 -6.368090 -0.164751
2.240080 -2.053380 -0.814245
2.594980 -2.380360 -0.812973
3.085460 -2.831270 -0.813991
3.784460 -3.475120 -0.813772
4.851350 -4.457920 -0.808969
6.956120 -6.403210 -0.165030
2.248520 -2.075600 -0.819939
2.583800 -2.386760 -0.812073
3.095750 -2.860680 -0.819334
3.789710 -3.504400 -0.817527
4.850330 -4.488310 -0.811406
6.951330 -6.443760 -0.165449
2.229940 -2.072910 -0.815798
2.572590 -2.393110 -0.811173
3.085740 -2.871470 -0.819334
3.760110 -3.501450 -0.813772
4.843340 -4.513330 -0.812869
6.950720 -6.488460 -0.165972
2.228330 -2.085960 -0.817868
2.564230 -2.402080 -0.811173
3.055640 -2.863430 -0.813991
3.742100 -3.509150 -0.812521
4.804400 -4.508480 -0.808969
3.744870 -3.515440 -0.449375
6.954250 -6.537330 -0.166601
2.212600 -2.085780 -0.814762
2.555820 -2.411020 -0.811173
3.065620 -2.892940 -0.819334
3.735570 -3.527620 -0.813772
4.788630 -4.525220 -0.808969
3.725340 -3.521650 -0.448503
6.956080 -6.584940 -0.167194
2.206710 -2.094820 -0.815280
2.541740 -2.414550 -0.809374
3.055500 -2.903620 -0.819334
3.728960 -3.546080 -0.815024
4.795820 -4.563800 -0.812869
3.720240 -3.541500 -0.449375
6.956210 -6.631260 -0.167753
2.193800 -2.097170 -0.813209
2.531890 -2.422060 -0.808924
3.045350 -2.914270 -0.819334
3.705150 -3.548150 -0.812521
4.756920 -4.558540 -0.808969
3.687720 -3.535160 -0.446935
2.541660 -2.448460 -0.814773
3.698430 -3.566540 -0.813772
3.640950 -3.514800 -0.442751
3.740980 -3.616410 -0.090822
2.174940 -2.108400 -0.811657
2.520510 -2.445110 -0.810724
3.044660 -2.954600 -0.824677
3.685950 -3.579430 -0.813772
3.591520 -3.491380 -0.438219
3.698240 -3.600160 -0.090089
2.177240 -2.125420 -0.815280
2.500810 -2.443000 -0.807124
3.014670 -2.946000 -0.819334
3.656490 -3.575700 -0.810018
3.565070 -3.489960 -0.436476
3.655670 -3.583650 -0.089356
2.162920 -2.126240 -0.812692
2.493660 -2.453080 -0.807574
3.672140 -3.616160 -0.816275
3.518820 -3.468810 -0.432292
3.626060 -3.579530 -0.088938
2.159610 -2.137850 -0.814245
2.496160 -2.472740 -0.811173
2.994030 -2.966970 -0.819334
3.631440 -3.601140 -0.810018
3.458610 -3.433350 -0.426366
3.589430 -3.568200 -0.088344
2.146660 -2.139920 -0.812174
2.488890 -2.482810 -0.811623
2.964190 -2.957990 -0.813991
3.644010 -3.638920 -0.815649
3.570510 -3.573010 -0.088170
2.147360 -2.155620 -0.815280
2.473770 -2.484150 -0.809374
3.617990 -3.636980 -0.812521
3.392430 -3.415010 -0.421137
3.558020 -3.585450 -0.088170
2.136120 -2.158610 -0.813727
2.454120 -2.481680 -0.805775
3.032330 -3.067460 -0.838415
3.594160 -3.638340 -0.810018
3.364300 -3.409220 -0.419045
3.527230 -3.579330 -0.087716
2.133990 -2.171560 -0.815798
2.460460 -2.505530 -0.810724
2.952830 -3.007970 -0.819334
3.592510 -3.662150 -0.812521
3.339820 -3.408140 -0.417476
3.500730 -3.577330 -0.087367
2.122350 -2.174850 -0.814245
2.451700 -2.514100 -0.810724
3.579700 -3.674670 -0.812521
3.318180 -3.409780 -0.416256
3.472890 -3.573750 -0.086983
2.101300 -2.168370 -0.809068
2.446970 -2.526850 -0.812073
3.566850 -3.687140 -0.812521
3.285490 -3.399850 -0.413641
3.439570 -3.564270 -0.086459
2.101750 -2.184040 -0.812174
2.430040 -2.526940 -0.809374
3.545750 -3.691020 -0.810643
3.268080 -3.405550 -0.412944
3.414660 -3.563260 -0.086145
2.092780 -2.189970 -0.811657
2.414470 -2.528360 -0.807124
3.541030 -3.711950 -0.812521
3.232810 -3.392410 -0.409981
3.384280 -3.556320 -0.085691
2.091770 -2.204270 -0.814245
2.406970 -2.538190 -0.807574
2.880980 -3.039100 -0.813991
3.528050 -3.724290 -0.812521
3.223690 -3.406570 -0.410329
3.344370 -3.539050 -0.084993
2.086720 -2.214370 -0.815280
2.398100 -2.546580 -0.807574
2.821910 -2.997680 -0.800253
3.539390 -3.762480 -0.818152
3.196770 -3.401830 -0.408412
3.318310 -3.536120 -0.084644
2.072370 -2.214590 -0.812692
2.399840 -2.566320 -0.811173
2.811430 -3.007510 -0.800253
3.515450 -3.763260 -0.815649
3.157690 -3.383840 -0.404926
3.295040 -3.535980 -0.084365
2.059370 -2.216150 -0.810621
2.378930 -2.561830 -0.807124
2.800910 -3.017310 -0.800253
3.502290 -3.775510 -0.815649
3.248290 -3.504150 -0.586679
3.143150 -3.391920 -0.404577
3.273170 -3.537180 -0.084121
2.056860 -2.229000 -0.812692
2.384510 -2.585880 -0.812073
2.856890 -3.099240 -0.819334
3.475700 -3.773190 -0.812521
3.233960 -3.511980 -0.586192
3.120500 -3.391140 -0.403182
3.345940 -3.638690 -0.259063
3.254660 -3.540660 -0.083946
2.054680 -2.241510 -0.814762
2.360120 -2.576530 -0.806674
2.846600 -3.108700 -0.819334
3.182100 -3.478740 -0.578879
3.106550 -3.398530 -0.402834
3.233460 -3.541090 -0.083702
2.045940 -2.246880 -0.814245
2.363370 -2.597310 -0.810724
2.770220 -3.045500 -0.800253
3.450600 -3.796150 -0.812521
3.149920 -3.467790 -0.575223
3.081870 -3.394060 -0.401091
3.194220 -3.522730 -0.083004
2.035490 -2.251140 -0.813209
2.346450 -2.596870 -0.808024
2.806950 -3.107600 -0.813991
3.410860 -3.778850 -0.806263
3.107210 -3.444860 -0.569617
3.053990 -3.387040 -0.398999
3.179220 -3.530890 -0.082934
2.026330 -2.256790 -0.812692
2.341280 -2.609400 -0.809374
2.775110 -3.094000 -0.807885
3.437200 -3.834860 -0.815649
3.091190 -3.451250 -0.568886
3.039490 -3.394710 -0.398650
3.153550 -3.527060 -0.082585
2.019720 -2.265300 -0.813209
2.325670 -2.610280 -0.807124
2.772130 -3.112460 -0.810175
3.410660 -3.832080 -0.812521
3.061980 -3.442730 -0.565718
3.013060 -3.388920 -0.396733
3.137240 -3.533560 -0.082480
2.014370 -2.275230 -0.814245
2.320420 -2.622760 -0.808474
2.774250 -3.136830 -0.813991
3.410350 -3.858760 -0.815649
3.040740 -3.442990 -0.564011
2.992710 -3.390980 -0.395687
3.106370 -3.523490 -0.081991
2.003460 -2.279690 -0.813209
2.315110 -2.635230 -0.809824
2.749790 -3.132220 -0.810175
3.406600 -3.883120 -0.818152
3.026090 -3.450590 -0.563524
2.972970 -3.392410 -0.394641
3.125110 -3.568530 -0.248596
3.080880 -3.519260 -0.081642
1.984060 -2.273570 -0.808551
2.293910 -2.630480 -0.805775
2.705290 -3.103320 -0.800253
3.374860 -3.874130 -0.813772
3.006910 -3.454180 -0.562305
2.942800 -3.381730 -0.392201
3.112630 -3.579410 -0.248596
3.060710 -3.520940 -0.081433
1.982440 -2.287780 -0.811139
2.297930 -2.652800 -0.810274
2.694450 -3.112750 -0.800253
3.349070 -3.870360 -0.810643
2.992840 -3.461120 -0.561818
2.942700 -3.405550 -0.393770
3.100750 -3.589720 -0.248596
3.044480 -3.527060 -0.081328
1.969800 -2.288490 -0.809068
2.272140 -2.641600 -0.804425
2.684110 -3.121670 -0.800253
3.317520 -3.861060 -0.806263
2.970390 -3.459500 -0.559868
2.923610 -3.406220 -0.392724
3.029540 -3.534630 -0.081258
2.276820 -2.665820 -0.809374
3.337350 -3.911680 -0.814398
2.937690 -3.445680 -0.555968
2.906530 -3.410340 -0.392027
3.005520 -3.531480 -0.080944
1.955030 -2.303660 -0.809586
2.270030 -2.676720 -0.810274
2.662250 -3.140330 -0.800253
3.323680 -3.923310 -0.814398
2.916670 -3.445310 -0.554262
2.986720 -3.534310 -0.080770
1.947810 -2.312280 -0.810104
2.258160 -2.681650 -0.809374
2.650720 -3.150060 -0.800253
3.301650 -3.926390 -0.812521
2.903350 -3.453950 -0.554018
2.856420 -3.400540 -0.388540
2.967940 -3.537050 -0.080595
2.248310 -2.689910 -0.809374
3.287920 -3.937890 -0.812521
2.878550 -3.448820 -0.551581
2.830500 -3.393660 -0.386623
2.909120 -3.490390 -0.238129
2.951740 -3.542780 -0.080491
2.219470 -2.673360 -0.802175
2.661820 -3.207310 -0.810175
3.274850 -3.948780 -0.812521
2.860770 -3.450710 -0.550362
2.819230 -3.403020 -0.386623
2.897530 -3.500020 -0.238129
2.934870 -3.546390 -0.080351
2.227950 -2.701750 -0.808474
2.618140 -3.177190 -0.800253
3.236610 -3.929120 -0.806263
2.841130 -3.451480 -0.548900
2.802270 -3.406690 -0.385926
2.914860 -3.547340 -0.080141
2.210620 -2.700850 -0.805775
2.606480 -3.186770 -0.800253
3.239700 -3.962370 -0.810643
2.819670 -3.451110 -0.547193
2.777160 -3.401500 -0.384182
2.889200 -3.542510 -0.079792
1.907160 -2.345930 -0.810104
2.215450 -2.727090 -0.811173
2.620090 -3.226330 -0.807885
3.207730 -3.952740 -0.806263
2.807610 -3.460930 -0.547193
2.752730 -3.395700 -0.382439
2.869260 -3.543250 -0.079583
2.201500 -2.728350 -0.809374
2.609380 -3.235000 -0.807885
3.194600 -3.963360 -0.806263
2.788640 -3.460940 -0.545731
2.741450 -3.404810 -0.382439
2.860000 -3.555860 -0.079653
2.177820 -2.717390 -0.803975
2.574090 -3.212990 -0.800253
3.206130 -4.004770 -0.812521
2.769710 -3.460870 -0.544268
2.730150 -3.413880 -0.382439
2.843210 -3.559070 -0.079513
2.171220 -2.727650 -0.804875
2.563420 -3.221510 -0.800253
3.205130 -4.030840 -0.815649
2.755750 -3.466930 -0.543781
2.713850 -3.416680 -0.381742
2.824830 -3.558950 -0.238129
2.825170 -3.560650 -0.079339
2.172810 -2.751260 -0.809374
2.551030 -3.231330 -0.800253
3.177390 -4.027610 -0.812521
2.725830 -3.457700 -0.540612
2.693320 -3.417680 -0.380696
2.786440 -3.538380 -0.236035
2.800350 -3.557330 -0.079024
2.161270 -2.755380 -0.808474
2.583340 -3.295840 -0.813991
3.164020 -4.038120 -0.812521
2.715570 -3.468280 -0.540856
2.676460 -3.420790 -0.379999
2.755000 -3.522430 -0.234360
2.789140 -3.568660 -0.079059
2.528980 -3.248620 -0.800253
3.149900 -4.049140 -0.812521
2.701010 -3.474610 -0.540369
2.657760 -3.420200 -0.378953
2.757390 -3.550960 -0.235617
2.771770 -3.572050 -0.078920
2.517620 -3.257420 -0.800253
3.111600 -4.028850 -0.806263
2.679170 -3.471440 -0.538419
2.648240 -3.432610 -0.379302
2.732780 -3.544750 -0.234570
2.754400 -3.575370 -0.078780
2.506240 -3.266190 -0.800253
3.097520 -4.039680 -0.806263
2.658580 -3.469740 -0.536713
2.630800 -3.435970 -0.378605
2.708250 -3.538400 -0.233523
2.729750 -3.569080 -0.078431
2.494250 -3.275360 -0.800253
3.099440 -4.073020 -0.810643
2.645250 -3.477420 -0.536469
2.611560 -3.435620 -0.377559
2.692850 -3.545120 -0.233314
2.702770 -3.559470 -0.078012
2.482800 -3.284040 -0.800253
3.068530 -4.061750 -0.806263
2.630700 -3.483460 -0.535981
2.592350 -3.435170 -0.376513
2.670840 -3.541750 -0.232476
2.686720 -3.564100 -0.077908
2.490760 -3.317380 -0.806359
3.055050 -4.071900 -0.806263
2.622710 -3.496930 -0.536713
2.578550 -3.440560 -0.376164
2.668650 -3.563370 -0.233314
2.671290 -3.568180 -0.077803
2.460970 -3.300440 -0.800253
3.041530 -4.082010 -0.806263
2.602190 -3.494920 -0.535006
2.568320 -3.450690 -0.376339
2.647290 -3.559380 -0.232476
2.657620 -3.575880 -0.077768
2.086300 -2.817420 -0.809374
3.027260 -4.092600 -0.806263
2.582890 -3.494410 -0.533544
2.551520 -3.453220 -0.375641
2.647900 -3.586270 -0.233628
2.634440 -3.570660 -0.077454
2.437860 -3.317540 -0.800253
3.036340 -4.134980 -0.812521
2.571850 -3.505000 -0.533788
2.534740 -3.455680 -0.374944
2.631820 -3.590660 -0.233314
2.606600 -3.558860 -0.077000
2.426270 -3.326030 -0.800253
2.998610 -4.113630 -0.806263
2.561940 -3.517170 -0.534275
2.525010 -3.467730 -0.375293
2.614570 -3.593370 -0.232895
2.596510 -3.571170 -0.077070
2.414640 -3.334480 -0.800253
2.984240 -4.124080 -0.806263
2.549650 -3.526090 -0.534275
2.509940 -3.473730 -0.374944
2.576280 -3.566850 -0.230592
2.579350 -3.573720 -0.076930
2.402410 -3.343300 -0.800253
2.969100 -4.134990 -0.806263
2.532700 -3.528520 -0.533300
2.500130 -3.485710 -0.375293
2.534100 -3.535690 -0.227975
2.569190 -3.585960 -0.077000
2.390720 -3.351670 -0.800253
2.977580 -4.177500 -0.812521
2.522050 -3.541010 -0.533788
2.492570 -3.500910 -0.375990
2.513640 -3.533120 -0.227243
2.556650 -3.594900 -0.077000
2.379010 -3.359990 -0.800253
2.970560 -4.197020 -0.814398
2.512590 -3.552590 -0.534275
2.478030 -3.506330 -0.375641
2.534180 -3.587110 -0.230174
2.534860 -3.590740 -0.076721
2.367850 -3.367860 -0.800253
2.908190 -4.139480 -0.801257
2.503590 -3.566220 -0.535006
2.466390 -3.514530 -0.375641
2.551460 -3.638450 -0.232895
2.524610 -3.602840 -0.076791
2.356080 -3.376110 -0.800253
2.911810 -4.175530 -0.806263
2.501340 -3.589590 -0.537200
2.459800 -3.531290 -0.376513
2.522770 -3.624390 -0.231430
2.512020 -3.611630 -0.076791
2.344280 -3.384310 -0.800253
2.897210 -4.185670 -0.806263
2.487670 -3.596670 -0.536956
2.451990 -3.546410 -0.377210
2.582760 -3.738340 -0.238129
2.509620 -3.635190 -0.077105
2.332460 -3.392470 -0.800253
2.882590 -4.195760 -0.806263
2.478470 -3.610240 -0.537688
2.446360 -3.564810 -0.378256
2.491260 -3.635680 -0.076930
2.320600 -3.400600 -0.800253
2.867920 -4.205790 -0.806263
2.470320 -3.625430 -0.538663
2.440630 -3.583200 -0.379302
2.483060 -3.650970 -0.077070
2.308710 -3.408680 -0.800253
2.853220 -4.215780 -0.806263
2.464320 -3.643900 -0.540125
2.428110 -3.591700 -0.379302
2.479250 -3.672870 -0.077349
2.296800 -3.416710 -0.800253
2.838490 -4.225710 -0.806263
2.463760 -3.670610 -0.542806
2.424440 -3.613390 -0.380696
2.468640 -3.684820 -0.077419
2.284860 -3.424710 -0.800253
2.823720 -4.235590 -0.806263
2.454230 -3.684140 -0.543537
2.419540 -3.633440 -0.381916
2.464620 -3.706740 -0.077698
2.273490 -3.432270 -0.800253
2.809660 -4.244930 -0.806263
2.437620 -3.685640 -0.542562
2.415630 -3.655160 -0.383311
2.454520 -3.718230 -0.077768
2.260900 -3.440580 -0.800253
2.794080 -4.255200 -0.806263
2.433460 -3.707400 -0.544512
2.407230 -3.670240 -0.384008
2.443710 -3.730120 -0.077838
2.248870 -3.448450 -0.800253
2.764110 -4.241760 -0.801883
2.426350 -3.726280 -0.545975
2.400920 -3.688640 -0.385054
2.435040 -3.745340 -0.077977
1.640830 -2.532450 -0.808551
2.236820 -3.456280 -0.800253
2.747890 -4.247590 -0.801257
2.468940 -3.819320 -0.558405
2.396680 -3.710380 -0.386449
2.432790 -3.770620 -0.078326
2.225350 -3.463680 -0.800253
2.750120 -4.283750 -0.806263
2.388670 -3.725020 -0.387146
2.429320 -3.794240 -0.078641
2.213240 -3.471420 -0.800253
2.381000 -3.741740 -0.388017
2.418200 -3.806070 -0.078710
2.201110 -3.479130 -0.800253
2.408340 -3.814040 -0.394641
2.405970 -3.816180 -0.078745
2.188960 -3.486790 -0.800253
2.394290 -3.819780 -0.553531
2.402180 -3.839820 -0.079059
1.593760 -2.555510 -0.806998
2.176770 -3.494410 -0.800253
2.380940 -3.828120 -0.553531
2.398250 -3.863470 -0.079373
2.164560 -3.501990 -0.800253
2.394670 -3.880330 -0.559868
2.395240 -3.888840 -0.079723
1.579920 -2.573160 -0.809068
2.152320 -3.509520 -0.800253
2.367270 -3.864550 -0.556455
2.386500 -3.903590 -0.079862
1.567360 -2.571780 -0.806998
2.140670 -3.516640 -0.800253
2.356510 -3.875770 -0.556943
2.381840 -3.925160 -0.080141
1.554820 -2.570350 -0.804927
2.129000 -3.523720 -0.800253
2.349110 -3.894170 -0.558405
2.374320 -3.943730 -0.080351
1.551350 -2.585980 -0.808033
2.116070 -3.531500 -0.800253
1.542320 -2.591370 -0.808033
1.539160 -2.606720 -0.811139
1.526140 -2.605410 -0.809068
1.515100 -2.607380 -0.808033
1.505990 -2.612660 -0.808033
1.496860 -2.617900 -0.808033
1.489620 -2.626470 -0.809068
1.482330 -2.635020 -0.810104
1.463710 -2.623310 -0.804927
1.456420 -2.631780 -0.805963
1.450940 -2.643620 -0.808033
1.447250 -2.658850 -0.811139
1.438420 -2.663640 -0.811139
1.423180 -2.658670 -0.808033
1.410270 -2.656800 -0.805963
1.403250 -2.664880 -0.806998
1.398880 -2.678080 -0.809586
1.390410 -2.684660 -0.810104
1.373970 -2.675750 -0.805963
1.363280 -2.679050 -0.805445
1.360880 -2.697590 -0.809586
1.351450 -2.702320 -0.809586
1.338190 -2.698130 -0.806998
1.327060 -2.699320 -0.805963
1.312550 -2.693520 -0.802857
1.310700 -2.713740 -0.807515
1.298720 -2.713070 -0.805963
1.291730 -2.722820 -0.807515
1.278100 -2.718570 -0.804927
1.354920 -3.784130 -0.070159
1.353780 -3.814490 -0.496983
1.350760 -3.810210 -0.353678
1.347400 -3.802820 -0.211437
1.350380 -3.815470 -0.070647
1.352430 -3.846870 -0.792621
1.344380 -3.828230 -0.642633
1.341120 -3.821070 -0.497227
1.343390 -3.831830 -0.355247
1.338070 -3.820930 -0.212170
0.988420 -2.836760 -0.804927
1.342250 -3.858750 -0.794147
1.625370 -4.677940 -0.784363
2.092290 -6.025160 -0.783132
2.312030 -6.665450 -0.617237
2.303580 -6.648580 -0.368759
2.264000 -6.538050 -0.120771
1.329450 -3.863180 -0.794147
1.616270 -4.701990 -0.787491
2.069720 -6.024550 -0.782157
2.290560 -6.674970 -0.617411
2.303540 -6.720420 -0.372318
2.266940 -6.617410 -0.122097
1.326750 -3.897300 -0.800253
1.593040 -4.684880 -0.783737
2.047400 -6.027980 -0.781670
2.283140 -6.725920 -0.621420
2.295780 -6.778700 -0.124924
1.313140 -3.901910 -0.800253
1.584230 -4.712880 -0.787491
2.023820 -6.027560 -0.780695
1.299510 -3.906470 -0.800253
1.566520 -4.714630 -0.786865
1.999010 -6.023290 -0.779233
2.827000 -8.523090 -0.785622
1.285870 -3.910980 -0.800253
1.542660 -4.697550 -0.783111
1.979210 -6.034000 -0.779720
2.782330 -8.487470 -0.781438
0.926802 -2.847330 -0.802339
1.271520 -3.915670 -0.800253
1.525030 -4.699150 -0.782485
1.956910 -6.037100 -0.779233
2.769620 -8.554480 -0.786668
1.257160 -3.920300 -0.800253
1.507800 -4.704710 -0.782485
1.931140 -6.032880 -0.777770
2.738240 -8.564570 -0.786668
1.231610 -3.887240 -0.792621
1.494120 -4.721500 -0.784363
1.908870 -6.035800 -0.777283
2.703530 -8.558880 -0.785273
1.230450 -3.928770 -0.800253
1.479640 -4.730200 -0.784988
1.891220 -6.049680 -0.778258
2.675130 -8.567790 -0.785273
1.217410 -3.932830 -0.800253
1.465110 -4.738860 -0.785614
1.873600 -6.067620 -0.779720
2.640510 -8.561850 -0.783879
1.202990 -3.937260 -0.800253
1.441960 -4.725300 -0.782485
1.846620 -6.055140 -0.777283
2.611770 -8.574830 -0.784227
1.189240 -3.941440 -0.800253
1.431160 -4.749220 -0.785614
1.833570 -6.092280 -0.781183
2.587560 -8.602970 -0.785971
1.175470 -3.945570 -0.800253
1.412320 -4.746610 -0.784363
1.807770 -6.083420 -0.779233
2.547310 -8.577570 -0.782833
1.161690 -3.949650 -0.800253
1.409110 -4.797000 -0.791871
1.786520 -6.089690 -0.779233
2.521840 -8.601710 -0.784227
1.147900 -3.953680 -0.800253
1.386850 -4.782920 -0.788743
1.769670 -6.111150 -0.781183
2.496230 -8.625770 -0.785622
1.134090 -3.957660 -0.800253
1.364710 -4.768740 -0.785614
1.739600 -6.086750 -0.777283
2.460630 -8.615270 -0.783879
1.120270 -3.961590 -0.800253
1.356650 -4.803890 -0.790620
1.722650 -6.108070 -0.779233
2.437030 -8.646820 -0.785971
1.106440 -3.965480 -0.800253
1.328210 -4.766730 -0.783737
1.693870 -6.083150 -0.775333
2.402560 -8.639920 -0.784576
1.093280 -3.969130 -0.800253
1.314490 -4.778730 -0.784988
1.676840 -6.100220 -0.776795
2.380220 -8.670890 -0.786668
1.080110 -3.972730 -0.800253
1.296560 -4.775440 -0.783737
1.651380 -6.090710 -0.774845
2.345200 -8.655660 -0.784576
1.066240 -3.976480 -0.800253
1.276820 -4.768480 -0.781860
1.641400 -6.138620 -0.780208
2.325260 -8.702290 -0.788062
1.052350 -3.980170 -0.800253
1.271260 -4.814930 -0.788743
1.617930 -6.136640 -0.779233
2.279640 -8.652560 -0.782833
1.038450 -3.983820 -0.800253
1.244490 -4.781100 -0.782485
1.593510 -6.130720 -0.777770
2.258440 -8.695170 -0.785971
0.854502 -3.325660 -0.792728
1.023840 -3.987600 -0.800253
1.230890 -4.800940 -0.784988
1.563150 -6.105750 -0.773870
2.229520 -8.714970 -0.787016
0.734161 -2.895000 -0.800269
0.841554 -3.320910 -0.790928
1.009920 -3.991150 -0.800253
1.216900 -4.812660 -0.786240
1.545810 -6.122450 -0.775333
2.190320 -8.687930 -0.783879
0.723151 -2.891800 -0.798716
0.996676 -3.994480 -0.800253
1.193400 -4.790040 -0.781860
1.528260 -6.143220 -0.777283
2.161500 -8.695140 -0.783879
0.817418 -3.322920 -0.790028
1.180440 -4.809530 -0.784363
1.506810 -6.148520 -0.777283
2.122600 -8.667800 -0.780741
0.707501 -2.915550 -0.803892
0.803520 -3.316290 -0.787779
1.162720 -4.809780 -0.783737
1.478810 -6.126720 -0.773870
2.106350 -8.733260 -0.785971
0.694625 -2.906730 -0.800786
0.954792 -4.004700 -0.800253
1.149580 -4.829180 -0.786240
1.463850 -6.158890 -0.777283
2.085980 -8.783210 -0.789805
0.940807 -4.008010 -0.800253
1.132720 -4.833160 -0.786240
1.439620 -6.152360 -0.775820
2.039880 -8.724470 -0.783879
0.926812 -4.011270 -0.800253
1.112240 -4.817640 -0.783111
1.415650 -6.141630 -0.773870
2.002270 -8.700480 -0.781090
0.913504 -4.014320 -0.800253
1.097170 -4.829200 -0.784363
1.401230 -6.177500 -0.777770
1.982450 -8.754050 -0.785273
0.744824 -3.323970 -0.786429
1.081180 -4.840900 -0.785614
1.376200 -6.166860 -0.775820
1.945810 -8.733690 -0.782833
0.884755 -4.020750 -0.800253
1.064280 -4.844650 -0.785614
1.353580 -6.171860 -0.775820
1.903370 -8.685940 -0.777952
0.724318 -3.344450 -0.790028
0.870715 -4.023820 -0.800253
1.047360 -4.848330 -0.785614
1.328680 -6.161030 -0.773870
1.875560 -8.704210 -0.778998
0.708987 -3.329810 -0.785979
0.856664 -4.026830 -0.800253
1.024690 -4.824910 -0.781234
1.310460 -6.181160 -0.775820
1.840210 -8.687320 -0.776906
0.698341 -3.334050 -0.786429
0.842602 -4.029800 -0.800253
1.013530 -4.851480 -0.784988
1.284290 -6.158270 -0.772408
1.812310 -8.705390 -0.777952
0.685913 -3.332650 -0.785529
0.829234 -4.032570 -0.800253
0.993409 -4.839510 -0.782485
1.266770 -6.182160 -0.774845
1.786630 -8.726970 -0.779347
0.674275 -3.335020 -0.785529
0.815153 -4.035440 -0.800253
0.975729 -4.839080 -0.781860
1.244400 -6.182650 -0.774358
1.749870 -8.701900 -0.776558
0.667184 -3.360290 -0.790928
0.801062 -4.038260 -0.800253
0.962669 -4.861830 -0.784988
1.219730 -6.171380 -0.772408
1.721800 -8.719680 -0.777604
0.652468 -3.347300 -0.787329
0.944183 -4.857400 -0.783737
1.200450 -6.187290 -0.773870
1.689080 -8.713900 -0.776558
0.561474 -2.929460 -0.799233
0.637484 -3.332330 -0.783280
0.772850 -4.043750 -0.800253
0.929444 -4.872310 -0.785614
1.180330 -6.199240 -0.774845
1.659390 -8.723660 -0.776906
0.626567 -3.338360 -0.784179
0.758730 -4.046430 -0.800253
0.909523 -4.859990 -0.783111
1.155040 -6.183810 -0.772408
1.631130 -8.741150 -0.777952
2.075360 -11.165000 -0.198224
0.615263 -3.342450 -0.784629
0.744601 -4.049050 -0.800253
0.888274 -4.839820 -0.779357
1.134520 -6.187610 -0.772408
1.598450 -8.735030 -0.776906
0.607641 -3.363650 -0.789128
0.731170 -4.051500 -0.800253
0.874320 -4.854410 -0.781234
1.114000 -6.191340 -0.772408
1.567710 -8.730480 -0.776035
0.594102 -3.352210 -0.785979
0.717730 -4.053900 -0.800253
0.860968 -4.872840 -0.783737
1.093460 -6.195000 -0.772408
1.540480 -8.745440 -0.776906
3.830150 -21.810900 -0.386536
0.513790 -2.949960 -0.802339
0.581981 -3.348400 -0.784629
0.704283 -4.056260 -0.800253
0.840082 -4.848420 -0.779357
1.072910 -6.198590 -0.772408
1.510800 -8.746570 -0.776558
2.601830 -15.094400 -0.802729
3.759500 -21.833300 -0.386710
0.502974 -2.951820 -0.802339
0.571338 -3.360120 -0.786879
0.689411 -4.058810 -0.800253
0.828909 -4.890420 -0.785614
1.049100 -6.202660 -0.772408
1.478060 -8.748120 -0.776209
2.546490 -15.103800 -0.802729
3.684590 -21.900800 -0.387653
0.559286 -3.360170 -0.786429
0.675240 -4.061190 -0.800253
0.807306 -4.866000 -0.781234
1.024200 -6.186700 -0.769971
1.446870 -8.749300 -0.775860
2.493750 -15.112600 -0.802729
3.675370 -22.322000 -0.394878
0.479243 -2.936200 -0.797163
0.547553 -3.362100 -0.786429
0.661060 -4.063520 -0.800253
0.792848 -4.884390 -0.783737
1.001330 -6.182400 -0.768996
1.417590 -8.762160 -0.776558
2.440980 -15.121200 -0.802729
0.470513 -2.947390 -0.799751
0.532136 -3.340900 -0.781030
0.646871 -4.065810 -0.800253
0.773317 -4.871520 -0.781234
0.985955 -6.225070 -0.773870
1.383890 -8.747380 -0.774815
2.388180 -15.129700 -0.802729
0.459924 -2.947110 -0.799233
0.522869 -3.358140 -0.784629
0.632675 -4.068040 -0.800253
0.754489 -4.862480 -0.779357
0.960575 -6.204940 -0.770946
1.353950 -8.756090 -0.775163
2.335360 -15.137900 -0.802729
0.509676 -3.346370 -0.781480
0.618471 -4.070220 -0.800253
0.743103 -4.896200 -0.784363
0.938210 -6.196310 -0.769483
1.321590 -8.748950 -0.774117
2.285140 -15.145600 -0.802729
0.502579 -3.378970 -0.788678
0.604970 -4.072250 -0.800253
0.721954 -4.871410 -0.779982
0.915995 -6.195620 -0.768996
1.293150 -8.757220 -0.774466
0.488542 -3.365280 -0.785079
0.590751 -4.074340 -0.800253
0.704945 -4.873900 -0.779982
0.894929 -6.202710 -0.769483
1.262010 -8.757740 -0.774117
0.476245 -3.363100 -0.784179
0.576526 -4.076380 -0.800253
0.689031 -4.884150 -0.781234
0.873825 -6.209730 -0.769971
1.231990 -8.766040 -0.774466
0.463970 -3.360880 -0.783280
0.562292 -4.078360 -0.800253
0.670902 -4.878700 -0.779982
0.850526 -6.200940 -0.768508
1.200840 -8.766340 -0.774117
0.453794 -3.374070 -0.785979
0.654917 -4.888840 -0.781234
0.828875 -6.203870 -0.768508
1.170230 -8.770480 -0.774117
0.524643 -4.012110 -0.786515
0.636826 -4.883270 -0.779982
0.807215 -6.206730 -0.768508
1.139610 -8.774510 -0.774117
1.574920 -12.192800 -0.214595
0.375769 -2.941490 -0.794574
0.428996 -3.367490 -0.783729
0.519554 -4.084030 -0.800253
0.616296 -4.858020 -0.775602
0.784547 -6.201630 -0.767533
1.107480 -8.766570 -0.773071
1.530600 -12.184400 -0.214350
0.366214 -2.948530 -0.796127
0.417718 -3.372830 -0.784629
0.505295 -4.085820 -0.800253
0.602719 -4.887590 -0.779982
0.766287 -6.231910 -0.770946
1.074920 -8.754560 -0.771677
1.489760 -12.203500 -0.214595
0.354763 -2.940200 -0.793539
0.404313 -3.360730 -0.781480
0.491030 -4.087560 -0.800253
0.584245 -4.877900 -0.778105
0.740292 -6.199070 -0.766558
1.042940 -8.746390 -0.770631
1.448090 -12.216600 -0.214734
0.357531 -3.052710 -0.823562
0.393483 -3.369860 -0.783280
0.476759 -4.089250 -0.800253
0.570408 -4.907380 -0.782485
0.718648 -6.201620 -0.766558
1.404530 -12.213600 -0.214595
0.382156 -3.375090 -0.784179
0.462482 -4.090890 -0.800253
0.551061 -4.889710 -0.779357
0.697883 -6.211980 -0.767533
0.370749 -3.374400 -0.783729
0.448199 -4.092470 -0.800253
0.534414 -4.887580 -0.778731
0.676849 -6.210310 -0.767046
0.361647 -3.400860 -0.789578
0.434626 -4.093940 -0.800253
0.514856 -4.865850 -0.774976
0.658498 -6.244220 -0.770946
0.351767 -3.421490 -0.794077
0.419617 -4.095500 -0.800253
0.499025 -4.887350 -0.778105
0.633477 -6.214880 -0.767046
1.299120 -12.856600 -0.225555
0.344221 -3.473180 -0.805775
0.482350 -4.893000 -0.778731
0.613023 -6.240870 -0.769971
0.391016 -4.098330 -0.800253
0.466121 -4.894570 -0.778731
0.588198 -6.199390 -0.764608
0.377423 -4.099610 -0.800253
0.449394 -4.900100 -0.779357
0.570168 -6.240950 -0.769483
0.432098 -4.889760 -0.777479
0.548424 -6.230940 -0.768021
0.413507 -4.883430 -0.776228
0.522247 -6.193340 -0.763146
0.395179 -4.869100 -0.773725
0.500306 -6.191170 -0.762658
0.380322 -4.898020 -0.778105
0.479608 -6.204760 -0.764121
0.305817 -4.105570 -0.800253
0.362347 -4.887500 -0.776228
0.459992 -6.234110 -0.767533
0.346118 -4.900550 -0.778105
0.439342 -6.251520 -0.769483
0.329865 -4.901680 -0.778105
0.417547 -6.237090 -0.767533
0.311496 -4.883080 -0.774976
0.395523 -6.234550 -0.767046
1.608260 -25.705800 -0.449574
0.294071 -4.892080 -0.776228
1.524070 -25.805100 -0.451215
0.276546 -4.885190 -0.774976
1.433090 -25.794300 -0.450935
0.260765 -4.893970 -0.776228
1.341590 -25.771200 -0.450447
0.243680 -4.894850 -0.776228
1.250460 -25.751700 -0.450028
0.225374 -4.887820 -0.774976
1.159750 -25.738000 -0.449714
0.208984 -4.904360 -0.777479
1.069650 -25.735900 -0.449609
2.578400 1.704670 -0.828221
2.593730 1.702470 -0.831327
2.589950 1.687080 -0.828221
2.597440 1.679070 -0.828739
2.600040 1.667910 -0.827703
2.613990 1.664010 -0.830292
2.634480 1.664160 -0.834950
2.630450 1.648800 -0.831844
2.616510 1.627370 -0.825633
2.638610 1.628370 -0.830809
2.645930 1.620160 -0.831327
2.654590 1.613380 -0.832362
2.646970 1.596120 -0.828221
2.652520 1.586870 -0.828221
2.656390 1.576620 -0.827703
2.663540 1.568320 -0.828221
2.675670 1.562910 -0.830292
2.696150 1.562280 -0.834950
2.684840 1.543230 -0.829774
2.696650 1.538140 -0.831844
2.696960 1.525870 -0.830292
2.703960 1.517390 -0.830809
2.712610 1.509820 -0.831844
2.714480 1.498480 -0.830809
3.151690 1.738390 -0.830969
2.712920 1.485280 -0.828739
3.156030 1.726440 -0.830519
2.724880 1.479490 -0.830809
3.156890 1.712630 -0.829170
2.739980 1.475940 -0.833915
3.159120 1.700300 -0.828270
2.731220 1.459560 -0.829774
3.176780 1.696240 -0.831419
2.743380 1.453160 -0.831844
3.177510 1.682410 -0.830069
2.738180 1.438190 -0.828739
3.183660 1.670750 -0.830069
2.760320 1.437540 -0.833915
3.187740 1.658730 -0.829619
2.748150 1.419030 -0.828739
3.188320 1.644910 -0.828270
2.770280 1.418240 -0.833915
3.214860 1.644420 -0.833669
2.776940 1.409430 -0.834433
3.210150 1.627900 -0.830969
2.776670 1.397130 -0.832880
3.208850 1.613180 -0.829170
2.784980 1.389150 -0.833915
3.217950 1.603710 -0.830069
2.791550 1.380270 -0.834433
3.234010 1.597650 -0.832769
2.784210 1.364570 -0.830809
3.243070 1.588060 -0.833669
2.794160 1.357380 -0.832362
3.253850 1.579280 -0.835018
2.798890 1.347620 -0.832362
3.262860 1.569610 -0.835918
2.808800 1.340330 -0.833915
3.248700 1.549550 -0.830969
2.816730 1.332660 -0.834950
3.254080 1.538200 -0.830969
2.821590 1.322330 -0.834950
3.255910 1.525180 -0.830069
2.815680 1.307590 -0.831844
3.268540 1.516520 -0.831869
2.823510 1.299860 -0.832880
3.273560 1.505670 -0.831869
2.831320 1.292100 -0.833915
3.289170 1.499660 -0.834568
2.843080 1.284890 -0.835986
3.287280 1.484950 -0.832769
2.844020 1.273380 -0.834950
3.299820 1.476080 -0.834568
2.844910 1.261880 -0.833915
3.294000 1.460390 -0.831869
2.852620 1.253990 -0.834950
3.306220 1.452020 -0.833669
2.871370 1.249700 -0.839091
3.304120 1.437360 -0.831869
4.020650 1.747390 -0.852153
2.868620 1.236610 -0.837021
3.316520 1.428320 -0.833669
3.997870 1.720930 -0.846047
2.865810 1.223550 -0.834950
3.310490 1.412730 -0.830969
4.014690 1.711580 -0.848337
2.859170 1.209530 -0.831844
3.335140 1.409510 -0.835918
4.089070 1.727290 -0.862838
2.881200 1.207000 -0.837021
3.341600 1.399190 -0.836368
2.888750 1.198920 -0.838056
3.335660 1.383040 -0.833669
4.166020 1.726470 -0.876577
2.889350 1.187360 -0.837021
3.333020 1.369010 -0.831869
4.172020 1.711920 -0.876577
2.893680 1.176770 -0.837021
3.356300 1.363540 -0.836368
2.887020 1.162330 -0.833915
3.360810 1.352400 -0.836368
2.901620 1.157040 -0.837021
3.351030 1.334890 -0.832769
4.072980 1.621660 -0.852153
2.904050 1.145690 -0.836503
3.352040 1.321760 -0.831869
2.913430 1.137660 -0.838056
3.371380 1.315130 -0.835468
2.906570 1.123300 -0.834950
3.383000 1.306750 -0.837268
4.024080 1.552760 -0.838415
2.906670 1.112270 -0.833915
3.391180 1.296320 -0.838168
2.921370 1.106230 -0.837021
3.399100 1.286450 -0.839067
4.126380 1.560050 -0.857496
2.928640 1.097890 -0.838056
3.396270 1.271840 -0.837268
4.223460 1.580770 -0.876577
2.954380 1.095200 -0.844268
3.397040 1.258630 -0.836368
2.941870 1.078900 -0.839609
3.416270 1.251530 -0.839967
4.168300 1.526210 -0.862838
2.934720 1.064670 -0.836503
3.405960 1.234290 -0.836368
2.949330 1.058340 -0.839609
3.424920 1.227650 -0.839967
2.940260 1.043510 -0.835986
3.425300 1.214980 -0.839067
2.958280 1.038880 -0.840127
3.427680 1.202370 -0.838618
2.969190 1.031080 -0.842197
3.415290 1.184650 -0.834568
4.260820 1.477110 -0.876577
2.958160 1.015690 -0.838056
3.437840 1.179050 -0.839067
5.102030 1.746810 -0.854132
2.954370 1.002870 -0.835986
3.426960 1.162630 -0.835468
5.068500 1.716580 -0.847562
2.975990 0.999218 -0.841162
3.449480 1.156860 -0.839967
5.100690 1.707660 -0.851942
2.968460 0.985173 -0.838056
3.456990 1.146640 -0.840867
5.093200 1.686390 -0.849752
2.977210 0.977132 -0.839609
3.455420 1.132740 -0.839517
4.192180 1.373460 -0.857496
5.127210 1.677810 -0.854445
2.971590 0.963236 -0.837021
3.455650 1.119470 -0.838618
5.123930 1.655970 -0.852881
2.978610 0.954035 -0.838056
3.474570 1.111550 -0.842217
5.108980 1.631470 -0.849439
2.976560 0.941364 -0.836503
3.482150 1.100590 -0.843117
5.137530 1.619860 -0.853194
2.994420 0.936099 -0.840644
3.459930 1.080300 -0.836818
5.156080 1.606930 -0.855384
2.999510 0.926210 -0.841162
3.471130 1.070510 -0.838618
4.309550 1.328260 -0.876577
5.174870 1.592990 -0.857574
2.993490 0.912919 -0.838574
3.489750 1.062930 -0.842217
5.153940 1.566870 -0.853194
2.996660 0.902463 -0.838574
3.482250 1.047380 -0.839517
4.318710 1.298140 -0.876577
5.178300 1.554550 -0.856322
2.994230 0.890345 -0.837021
3.497090 1.038540 -0.842217
5.179900 1.535340 -0.855697
3.014010 0.884785 -0.841680
3.478080 1.020360 -0.836818
5.192550 1.520380 -0.856948
3.022490 0.876400 -0.843232
3.504080 1.014710 -0.842217
5.199720 1.502790 -0.857261
3.010670 0.861591 -0.839091
3.518840 1.005690 -0.844916
5.193540 1.481380 -0.855384
3.028530 0.855278 -0.843232
3.522330 0.993400 -0.844916
5.204380 1.464850 -0.856322
3.031500 0.844700 -0.843232
3.495570 0.973351 -0.837718
5.228250 1.452870 -0.859451
3.034290 0.834642 -0.843232
3.506460 0.963208 -0.839517
5.214230 1.429390 -0.856322
3.029870 0.821494 -0.841162
3.513560 0.951981 -0.840417
5.234690 1.414390 -0.858825
3.028980 0.809914 -0.840127
3.524560 0.941108 -0.842217
5.220510 1.391020 -0.855697
7.014190 1.861090 -0.126670
3.028060 0.798353 -0.839091
3.535200 0.931400 -0.844016
5.217450 1.371690 -0.854445
3.040040 0.790737 -0.841680
3.512020 0.912195 -0.837718
5.229860 1.355450 -0.855697
3.063360 0.785398 -0.847374
3.543500 0.907182 -0.844466
5.249870 1.341110 -0.858200
3.052970 0.771386 -0.843750
3.533420 0.891470 -0.841317
5.243030 1.319880 -0.856322
3.050020 0.759327 -0.842197
3.566620 0.887274 -0.848515
5.233950 1.299150 -0.854132
3.054400 0.749668 -0.842715
3.550760 0.870181 -0.844016
5.240380 1.281340 -0.854445
3.058880 0.739455 -0.843232
3.538630 0.854124 -0.840417
5.252500 1.264890 -0.855697
3.065200 0.729668 -0.844268
3.541590 0.841765 -0.840417
5.266490 1.248830 -0.857261
3.060200 0.717201 -0.842197
3.555740 0.832682 -0.843117
5.278300 1.233150 -0.858512
3.071980 0.709222 -0.844785
3.566220 0.822016 -0.844916
5.265240 1.210740 -0.855697
3.065010 0.696355 -0.842197
3.574630 0.811481 -0.846266
5.280790 1.195890 -0.857574
3.078860 0.687642 -0.845303
3.573920 0.796900 -0.845366
5.294980 1.177750 -0.859138
3.077470 0.676062 -0.844268
3.576680 0.784419 -0.845366
5.302920 1.160100 -0.859764
3.066590 0.662459 -0.840644
3.575580 0.771110 -0.844466
5.316600 1.143660 -0.861328
3.063210 0.650549 -0.839091
3.585740 0.760866 -0.846266
5.304900 1.122750 -0.858825
3.080480 0.643547 -0.843232
3.592190 0.749139 -0.847166
5.335860 1.109860 -0.863205
3.086490 0.633566 -0.844268
3.581420 0.733860 -0.844016
5.333900 1.090040 -0.862267
3.090580 0.623170 -0.844785
3.618350 0.728274 -0.852115
5.316360 1.067140 -0.858825
3.094630 0.612755 -0.845303
3.590280 0.709593 -0.844916
5.335560 1.051630 -0.861328
3.096750 0.601948 -0.845303
3.596560 0.697799 -0.845816
5.343080 1.033750 -0.861954
3.096940 0.590774 -0.844785
3.606520 0.687327 -0.847616
5.338720 1.014550 -0.860703
3.098880 0.580500 -0.844785
3.587820 0.670795 -0.842667
5.338340 0.995187 -0.860077
3.104690 0.570376 -0.845821
3.599730 0.660025 -0.844916
5.326240 0.973706 -0.857574
3.104760 0.559195 -0.845303
3.625020 0.651592 -0.850315
5.360710 0.960682 -0.862580
9.966900 1.777170 -0.530582
3.099080 0.547010 -0.843232
3.608080 0.635554 -0.845816
5.348470 0.939231 -0.860077
6.990180 1.225010 -0.871366
10.005500 1.744450 -0.177282
3.108590 0.537505 -0.845303
3.621800 0.624943 -0.848515
5.347820 0.919885 -0.859451
6.974840 1.197250 -0.868928
10.226400 1.746200 -0.181086
3.110440 0.526651 -0.845303
3.608590 0.609699 -0.844916
5.347100 0.900554 -0.858825
6.986810 1.174210 -0.869903
9.924670 1.666160 -0.880447
10.410400 1.743980 -0.553191
10.413900 1.740820 -0.184297
3.112260 0.515790 -0.845303
3.606850 0.596465 -0.844016
5.389200 0.888313 -0.865083
6.983030 1.148520 -0.868928
9.910770 1.628280 -0.878704
10.601700 1.738000 -0.563030
10.593600 1.732870 -0.187369
3.123580 0.506471 -0.847891
3.632000 0.587605 -0.849415
5.380560 0.867608 -0.863205
7.002680 1.126660 -0.870878
9.912460 1.593040 -0.878356
10.791100 1.730400 -0.572765
10.773300 1.723680 -0.190441
3.125330 0.495564 -0.847891
3.630170 0.574315 -0.848515
5.379660 0.848207 -0.862580
7.022260 1.104680 -0.872828
9.912050 1.557500 -0.877833
11.006300 1.725500 -0.583860
10.984400 1.720120 -0.194071
3.123220 0.484059 -0.846856
3.645540 0.564360 -0.851665
5.394150 0.832168 -0.864457
7.049430 1.085010 -0.875753
9.909550 1.521690 -0.877135
11.191600 1.716550 -0.593385
11.188000 1.712010 -0.197561
3.124810 0.473698 -0.846856
3.616660 0.546969 -0.844466
5.436090 0.819222 -0.870714
7.006060 1.053320 -0.869903
9.906920 1.485900 -0.876438
11.397000 1.707370 -0.603957
11.399600 1.703690 -0.201191
3.118880 0.461112 -0.844785
3.626260 0.535479 -0.846266
5.411700 0.795270 -0.866334
7.009690 1.028850 -0.869903
9.923880 1.453050 -0.877484
11.636400 1.699640 -0.616308
11.607300 1.693330 -0.204752
3.122380 0.450499 -0.845303
3.624340 0.521630 -0.845366
5.414440 0.776376 -0.866334
7.060580 1.009900 -0.875753
9.917300 1.414970 -0.876438
11.875600 1.692260 -0.628660
11.866900 1.686790 -0.209219
3.127840 0.439589 -0.846338
3.631930 0.509789 -0.846716
5.378120 0.751060 -0.860077
7.048330 0.983053 -0.873803
9.932050 1.381720 -0.877310
12.134900 1.683860 -0.642058
12.112400 1.678580 -0.213443
3.123540 0.428427 -0.844785
3.625960 0.496051 -0.844916
5.357090 0.730022 -0.856322
7.039920 0.956841 -0.872341
9.950390 1.350650 -0.878530
12.263100 1.660230 -0.648547
12.268800 1.656620 -0.216096
3.130760 0.418290 -0.846338
3.625740 0.483132 -0.844466
5.349820 0.710017 -0.854758
7.070770 0.935906 -0.875753
9.941220 1.314080 -0.877310
12.546100 1.653950 -0.663201
12.575800 1.653410 -0.221401
3.147530 0.409351 -0.850479
3.637070 0.471727 -0.846716
5.365980 0.693111 -0.856948
7.058240 0.909188 -0.873803
9.965510 1.281920 -0.879053
12.831100 1.645980 -0.677960
12.847000 1.645750 -0.226078
3.133600 0.396423 -0.846338
3.638610 0.459665 -0.846716
5.372170 0.675807 -0.857574
7.061220 0.885779 -0.873803
9.954110 1.245140 -0.877658
13.114000 1.638080 -0.692614
13.162300 1.639450 -0.231524
3.134900 0.386030 -0.846338
3.636320 0.446485 -0.845816
5.370570 0.656570 -0.856948
7.091850 0.864489 -0.877216
9.950270 1.211170 -0.876961
13.452700 1.632720 -0.710199
13.461400 1.631400 -0.236690
3.140060 0.375543 -0.847374
3.647460 0.435578 -0.848065
5.357030 0.636890 -0.854445
7.035540 0.833959 -0.869903
9.982140 1.179700 -0.879401
13.747600 1.622280 -0.725481
13.725200 1.614780 -0.241227
3.152810 0.366465 -0.850479
3.645090 0.422397 -0.847166
5.351370 0.617284 -0.853194
7.077850 0.813929 -0.874778
9.974320 1.143490 -0.878356
14.046900 1.607890 -0.740973
14.076500 1.606300 -0.247301
3.144530 0.353828 -0.847891
3.640730 0.409017 -0.845816
5.341820 0.596348 -0.851316
7.041190 0.784821 -0.869903
9.986170 1.109540 -0.879053
14.429800 1.598170 -0.760860
14.411900 1.593640 -0.253095
3.149590 0.343267 -0.848927
3.653830 0.396933 -0.848515
5.383140 0.581945 -0.857574
7.095200 0.765774 -0.876241
9.974130 1.072970 -0.877658
14.749100 1.581430 -0.777398
14.815100 1.585890 -0.260076
3.146860 0.332415 -0.847891
3.653190 0.384611 -0.848065
5.377190 0.563268 -0.856322
7.046370 0.736875 -0.869903
9.997450 1.041960 -0.879401
15.187300 1.577490 -0.800217
3.140260 0.321191 -0.845821
3.650560 0.372098 -0.847166
5.382950 0.545831 -0.856948
10.001000 1.007050 -0.879401
15.617800 1.569880 -0.822617
15.621400 1.564730 -0.274038
3.152950 0.310817 -0.848927
3.655720 0.359735 -0.848065
5.369190 0.524562 -0.854445
10.028300 0.974449 -0.881493
15.858000 1.535330 -0.834968
15.887600 1.535400 -0.278610
3.154020 0.299808 -0.848927
3.662830 0.346884 -0.849415
5.402460 0.508779 -0.859451
7.093340 0.665525 -0.874778
10.023700 0.938692 -0.880796
15.920900 1.485350 -0.838003
15.922900 1.479930 -0.279134
3.160820 0.289326 -0.850479
3.664020 0.334099 -0.849415
5.372720 0.487066 -0.854445
7.056080 0.637188 -0.869903
10.034800 0.904414 -0.881493
15.928000 1.429940 -0.838108
15.922000 1.423810 -0.279029
3.154110 0.277612 -0.848409
3.680700 0.322667 -0.853014
5.401940 0.470710 -0.858825
10.041900 0.869727 -0.881842
15.917000 1.372970 -0.837271
15.892800 1.368090 -0.278436
3.143510 0.265627 -0.845303
3.660380 0.308658 -0.848065
5.391660 0.451803 -0.856948
10.044900 0.834666 -0.881842
15.881600 1.316880 -0.835177
15.895500 1.312430 -0.278401
3.155930 0.256138 -0.848409
3.684750 0.297761 -0.853464
5.397140 0.433294 -0.857574
10.063500 0.802616 -0.883236
15.935900 1.265380 -0.837794
15.951800 1.261040 -0.279308
3.162580 0.245568 -0.849962
3.666340 0.283398 -0.848965
5.378930 0.412944 -0.854445
10.066200 0.767490 -0.883236
15.930300 1.208990 -0.837271
15.944100 1.204440 -0.279099
3.171120 0.235099 -0.852032
3.669250 0.270741 -0.849415
5.411860 0.396473 -0.859451
10.068800 0.732345 -0.883236
15.944300 1.154100 -0.837794
15.950200 1.148920 -0.279134
3.152660 0.222668 -0.846856
3.674060 0.258205 -0.850315
5.401380 0.376756 -0.857574
10.071300 0.697196 -0.883236
15.944300 1.098160 -0.837585
15.944200 1.092560 -0.278959
3.155340 0.211790 -0.847374
3.663270 0.244599 -0.847616
5.390840 0.357115 -0.855697
10.073700 0.662033 -0.883236
15.942100 1.042110 -0.837271
15.937700 1.039030 -0.278785
3.161850 0.201144 -0.848927
3.666010 0.232574 -0.848065
5.415650 0.340726 -0.859451
10.087900 0.627605 -0.884282
15.929500 0.988248 -0.836433
15.935300 0.983017 -0.278680
3.166350 0.190889 -0.849962
3.666790 0.219776 -0.848065
5.428640 0.322521 -0.861328
10.070000 0.592979 -0.882539
15.918900 0.931817 -0.835701
15.920500 0.929123 -0.278366
3.170860 0.180055 -0.850997
3.677230 0.208165 -0.850315
5.413900 0.303633 -0.858825
10.060100 0.557166 -0.881493
15.933800 0.879679 -0.836329
15.921600 0.873439 -0.278331
3.159890 0.168369 -0.847891
3.677970 0.194685 -0.850315
5.407090 0.283373 -0.857574
10.081900 0.523076 -0.883236
15.923000 0.820557 -0.835596
15.920700 0.814876 -0.278261
3.170110 0.157818 -0.850479
3.701980 0.183001 -0.855714
5.427770 0.265464 -0.860703
10.079700 0.487690 -0.882888
15.909800 0.764199 -0.834759
15.933500 0.759769 -0.278436
3.164850 0.146482 -0.848927
3.673400 0.168735 -0.848965
5.412880 0.245797 -0.858200
10.093200 0.453036 -0.883933
15.912400 0.708670 -0.834759
15.940000 0.704319 -0.278506
3.155690 0.135022 -0.846338
3.670070 0.155749 -0.848065
5.429500 0.227562 -0.860703
10.051000 0.415986 -0.880099
15.902800 0.652625 -0.834131
15.922400 0.647864 -0.278156
3.167720 0.124460 -0.849444
3.678380 0.143239 -0.849865
5.410520 0.207853 -0.857574
10.100100 0.382716 -0.884282
15.897000 0.596806 -0.833712
15.904600 0.591533 -0.277807
3.160420 0.113127 -0.847374
3.686650 0.130674 -0.851665
5.434900 0.189791 -0.861328
7.080560 0.244785 -0.869903
10.065600 0.346222 -0.881145
15.918900 0.541995 -0.834759
15.908500 0.536083 -0.277842
3.170450 0.102406 -0.849962
3.683190 0.117680 -0.850765
5.392090 0.169455 -0.854445
10.098600 0.312072 -0.883933
15.890800 0.485505 -0.833189
15.906300 0.480431 -0.277772
3.172720 0.091393 -0.850479
3.683580 0.104822 -0.850765
5.440040 0.151954 -0.861954
10.089700 0.276543 -0.883062
15.860400 0.429172 -0.831514
15.841900 0.423138 -0.276621
3.178810 0.080465 -0.852032
3.676130 0.091769 -0.848965
5.432640 0.132770 -0.860703
10.138400 0.242463 -0.887245
15.899800 0.374704 -0.833503
15.895200 0.371814 -0.277528
3.175200 0.069839 -0.850997
3.676410 0.079579 -0.848965
5.425150 0.114590 -0.859451
10.111200 0.208274 -0.884805
15.882900 0.321608 -0.832560
15.886400 0.318904 -0.277354
3.165750 0.059128 -0.848409
3.696140 0.067743 -0.853464
5.417600 0.096457 -0.858200
10.139700 0.175222 -0.887245
15.883900 0.268939 -0.832560
15.893400 0.263551 -0.277458
3.171730 0.048164 -0.849962
3.676870 0.054551 -0.848965
5.421850 0.077601 -0.858825
15.892800 0.213603 -0.832979
15.888200 0.207988 -0.277354
3.175750 0.037138 -0.850997
3.684830 0.041805 -0.850765
5.433940 0.058804 -0.860703
15.853500 0.157724 -0.830886
15.872900 0.152376 -0.277074
3.171990 0.026020 -0.849962
3.684950 0.028943 -0.850765
5.449920 0.039953 -0.863205
15.875900 0.102522 -0.832037
15.877300 0.096989 -0.277144
3.164340 0.014913 -0.847891
3.688930 0.016096 -0.851665
5.461880 0.020973 -0.865083
10.113300 0.033538 -0.884805
15.864200 0.047072 -0.831409
15.849500 0.041489 -0.276656
3.175960 0.003881 -0.850997
3.685070 0.003217 -0.850765
5.414510 0.001892 -0.857574
10.141300 -0.001770 -0.887245
15.860200 -0.008304 -0.831200
15.859600 -0.013840 -0.276830
3.168230 -0.007188 -0.848927
3.673360 -0.009617 -0.848065
5.394730 -0.016948 -0.854445
10.189000 -0.037345 -0.891429
15.880100 -0.063747 -0.832246
15.869400 -0.069244 -0.277005
3.172050 -0.018270 -0.849962
3.677200 -0.022463 -0.848965
5.418340 -0.035936 -0.858200
10.113100 -0.072369 -0.884805
15.845800 -0.118924 -0.830467
15.869100 -0.124638 -0.277005
3.164240 -0.029271 -0.847891
3.673210 -0.035261 -0.848065
5.386580 -0.054530 -0.853194
10.164600 -0.108222 -0.889337
15.877300 -0.174587 -0.832142
15.862600 -0.177194 -0.276900
3.162180 -0.040291 -0.847374
3.657480 -0.047241 -0.844466
5.410070 -0.072710 -0.856948
10.112400 -0.142970 -0.884805
15.846600 -0.226808 -0.830572
15.851900 -0.232417 -0.276725
3.185210 -0.051149 -0.853585
3.680670 -0.060391 -0.849865
5.397930 -0.091394 -0.855071
15.839700 -0.282015 -0.830258
15.841000 -0.287568 -0.276551
3.156040 -0.061701 -0.845821
3.676540 -0.073161 -0.848965
5.429180 -0.110881 -0.860077
10.139000 -0.212383 -0.887245
15.866600 -0.337899 -0.831723
15.883900 -0.343814 -0.277319
3.163530 -0.072896 -0.847891
3.672370 -0.085903 -0.848065
5.428760 -0.129832 -0.860077
7.281160 -0.176676 -0.894277
10.138200 -0.247773 -0.887245
15.839400 -0.392639 -0.830362
15.844600 -0.398302 -0.276656
3.163260 -0.083938 -0.847891
3.691530 -0.099245 -0.852565
5.392730 -0.147807 -0.854445
10.161200 -0.283828 -0.889337
15.823900 -0.447531 -0.829630
15.831100 -0.453264 -0.276446
3.174530 -0.095327 -0.850997
3.679470 -0.111775 -0.849865
5.400080 -0.166874 -0.855697
10.235800 -0.321674 -0.895961
15.852200 -0.503716 -0.831200
15.819400 -0.508201 -0.276272
3.178040 -0.106537 -0.852032
3.677110 -0.124552 -0.849415
5.359980 -0.184365 -0.849439
7.278910 -0.252913 -0.894277
10.435800 -0.364424 -0.913566
15.852400 -0.559117 -0.831304
15.809600 -0.563133 -0.276132
3.160280 -0.116987 -0.847374
3.684450 -0.137678 -0.851215
5.382990 -0.203971 -0.853194
10.468300 -0.402150 -0.916530
15.838400 -0.613985 -0.830676
15.831500 -0.619253 -0.276551
3.169500 -0.128408 -0.849962
3.666420 -0.149822 -0.847166
5.398030 -0.223413 -0.855697
7.276970 -0.303723 -0.894277
10.490700 -0.439690 -0.918622
15.812200 -0.668255 -0.829420
3.174820 -0.139726 -0.851515
3.679500 -0.163224 -0.850315
5.369590 -0.241015 -0.851316
7.129120 -0.322484 -0.876241
10.481100 -0.475945 -0.917924
15.829700 -0.724359 -0.830467
15.826800 -0.729762 -0.276551
3.174320 -0.150807 -0.851515
3.671120 -0.175694 -0.848515
5.388450 -0.260711 -0.854445
10.505300 -0.513793 -0.920190
15.833000 -0.779905 -0.830781
15.808200 -0.784210 -0.276272
3.177630 -0.162084 -0.852550
3.689950 -0.189507 -0.853014
5.387510 -0.279519 -0.854445
7.174270 -0.374732 -0.882090
10.312400 -0.540450 -0.903456
15.824200 -0.834853 -0.830467
15.795500 -0.836099 -0.276097
3.177040 -0.173175 -0.852550
3.689300 -0.201743 -0.853014
5.366830 -0.296294 -0.851316
10.310500 -0.576444 -0.903456
15.855300 -0.889224 -0.832246
3.238170 -0.187279 -0.869114
3.649660 -0.212356 -0.844016
5.377590 -0.315720 -0.853194
10.455700 -0.619350 -0.916355
15.794300 -0.941119 -0.829211
15.813200 -0.947787 -0.276516
3.206640 -0.196688 -0.860832
3.660570 -0.225814 -0.846716
5.376460 -0.334490 -0.853194
10.493200 -0.658338 -0.919842
15.802900 -0.997000 -0.829839
15.801800 -1.002470 -0.276376
3.221360 -0.208881 -0.864973
3.671430 -0.239351 -0.849415
5.391030 -0.354291 -0.855697
7.140690 -0.471781 -0.878678
10.473000 -0.693777 -0.918273
15.817200 -1.053350 -0.830781
15.790200 -1.057090 -0.276237
3.220610 -0.220124 -0.864973
3.670570 -0.252165 -0.849415
5.373990 -0.372016 -0.853194
7.067710 -0.491743 -0.869903
10.472500 -0.730469 -0.918447
15.783600 -1.106460 -0.829211
15.786500 -1.112200 -0.276237
3.196700 -0.229703 -0.858762
3.654120 -0.263854 -0.845816
5.325380 -0.387333 -0.845685
7.145140 -0.522199 -0.879653
10.469800 -0.767020 -0.918447
15.809500 -1.163750 -0.830781
15.794400 -1.168190 -0.276446
3.195880 -0.240860 -0.858762
3.668720 -0.277784 -0.849415
5.335810 -0.406821 -0.847562
7.064100 -0.541073 -0.869903
10.326100 -0.792734 -0.906071
15.775400 -1.216620 -0.829211
3.187310 -0.251407 -0.856691
3.663840 -0.290281 -0.848515
5.357990 -0.427329 -0.851316
7.141320 -0.572068 -0.879653
10.192200 -0.818251 -0.894567
15.783000 -1.272650 -0.829839
15.770000 -1.277130 -0.276167
3.186420 -0.262531 -0.856691
3.678340 -0.304354 -0.852115
5.352520 -0.445701 -0.850691
7.111590 -0.594677 -0.876241
10.165400 -0.851826 -0.892475
15.792400 -1.328900 -0.830572
15.781300 -1.333520 -0.276446
3.197030 -0.274644 -0.859797
3.665610 -0.316187 -0.849415
5.335190 -0.463016 -0.848188
7.109470 -0.619497 -0.876241
10.202100 -0.890771 -0.895961
15.716100 -1.377740 -0.826804
15.707100 -1.379720 -0.275224
3.196050 -0.285802 -0.859797
3.672310 -0.329037 -0.851215
5.345430 -0.481770 -0.850065
7.055970 -0.638419 -0.869903
10.254500 -0.931424 -0.900842
15.769100 -1.435100 -0.829839
15.760000 -1.439820 -0.276237
3.164310 -0.293544 -0.851515
3.663370 -0.341131 -0.849415
5.327980 -0.498952 -0.847562
7.053700 -0.663045 -0.869903
10.195800 -0.960193 -0.895961
15.777900 -1.491450 -0.830572
15.788700 -1.498030 -0.276830
3.182500 -0.306439 -0.856691
3.658280 -0.353541 -0.848515
5.341940 -0.519076 -0.850065
7.102710 -0.692672 -0.876241
15.750700 -1.544370 -0.829420
15.759500 -1.550780 -0.276411
3.166030 -0.316012 -0.852550
3.668660 -0.367474 -0.851215
5.324370 -0.536136 -0.847562
7.147650 -0.722251 -0.882090
15.781000 -1.602980 -0.831304
15.750000 -1.605380 -0.276341
3.172590 -0.327855 -0.854621
3.671230 -0.380680 -0.852115
5.330330 -0.555537 -0.848813
7.077960 -0.740177 -0.873803
15.769400 -1.657430 -0.830990
15.754200 -1.661400 -0.276516
3.248260 -0.347139 -0.875326
3.662130 -0.392662 -0.850315
5.328350 -0.574140 -0.848813
7.102960 -0.767866 -0.877216
15.749600 -1.710950 -0.830258
15.736400 -1.715080 -0.276307
3.247030 -0.358476 -0.875326
3.645240 -0.403726 -0.846716
5.310610 -0.590988 -0.846311
7.041050 -0.786048 -0.869903
10.106200 -1.130020 -0.889686
15.744200 -1.771560 -0.276551
3.215050 -0.366309 -0.867044
3.659300 -0.418218 -0.850315
5.304590 -0.609071 -0.845685
7.038270 -0.810621 -0.869903
10.173400 -1.173510 -0.895961
15.723400 -1.819260 -0.829525
15.732000 -1.825820 -0.276446
3.213750 -0.377529 -0.867044
3.650070 -0.430077 -0.848515
5.298510 -0.627120 -0.845059
7.035400 -0.835184 -0.869903
10.169300 -1.209010 -0.895961
15.748700 -1.877910 -0.831200
3.166390 -0.383175 -0.854621
3.656290 -0.443755 -0.850315
5.304130 -0.646567 -0.846311
7.032590 -0.858510 -0.869903
10.165000 -1.244500 -0.895961
15.724200 -1.930690 -0.830258
15.717200 -1.932620 -0.276411
3.184270 -0.396057 -0.859797
3.647060 -0.454912 -0.848515
5.298040 -0.663662 -0.845685
7.029700 -0.881826 -0.869903
15.719700 -1.983070 -0.830362
15.724600 -1.986480 -0.276656
3.186770 -0.407104 -0.860832
3.637800 -0.466013 -0.846716
5.303650 -0.682235 -0.846936
7.026580 -0.906359 -0.869903
15.712600 -2.037930 -0.830362
3.150780 -0.414249 -0.851515
3.647660 -0.480871 -0.849415
5.297190 -0.701151 -0.846311
7.023210 -0.932107 -0.869903
15.705100 -2.095500 -0.830362
15.715900 -2.099750 -0.276760
3.206670 -0.433559 -0.867044
3.638150 -0.493190 -0.847616
5.282840 -0.718963 -0.844433
7.019920 -0.956616 -0.869903
15.705600 -2.151400 -0.830781
15.688700 -2.151870 -0.276411
3.163120 -0.438357 -0.855656
3.640350 -0.505789 -0.848515
5.307820 -0.740298 -0.848813
15.718100 -2.206240 -0.831828
15.693400 -2.205560 -0.276621
3.173130 -0.450473 -0.858762
3.646370 -0.518956 -0.850315
5.297510 -0.756778 -0.847562
15.590100 -2.241020 -0.825443
15.653900 -2.255760 -0.276062
3.156240 -0.459321 -0.854621
3.644540 -0.531681 -0.850315
5.263570 -0.770686 -0.842556
15.647400 -2.305030 -0.828897
15.675600 -2.314770 -0.276586
3.189010 -0.475463 -0.863938
3.621460 -0.541231 -0.845366
5.292100 -0.793743 -0.847562
10.124800 -1.524010 -0.895787
15.663000 -2.363210 -0.830153
15.661500 -2.368580 -0.276481
3.145320 -0.480178 -0.852550
3.638810 -0.556817 -0.849865
5.293200 -0.812811 -0.848188
10.119500 -1.559340 -0.895787
15.802700 -2.440740 -0.838003
15.779600 -2.442810 -0.278715
3.139810 -0.490558 -0.851515
3.654180 -0.572229 -0.853914
5.270820 -0.828216 -0.845059
15.802000 -2.497130 -0.838422
15.802600 -2.502880 -0.279273
3.130440 -0.500295 -0.849444
3.621370 -0.580049 -0.846716
5.252290 -0.844102 -0.842556
15.793100 -2.552270 -0.838422
15.801600 -2.559310 -0.279413
3.143930 -0.513711 -0.853585
3.615480 -0.592057 -0.845816
5.284400 -0.868195 -0.848188
6.990670 -1.151030 -0.869903
15.790000 -2.608360 -0.838736
15.802500 -2.616080 -0.279588
3.147830 -0.525637 -0.855138
3.617230 -0.605317 -0.846716
5.254070 -0.882057 -0.843808
6.986610 -1.175430 -0.869903
8.686020 -1.462890 -0.770631
15.796600 -2.666120 -0.839573
9.012600 -1.524370 -0.159550
3.157410 -0.538571 -0.858244
3.622780 -0.619253 -0.848515
5.262640 -0.902395 -0.845685
6.982460 -1.199810 -0.869903
8.635700 -1.485440 -0.766622
8.784230 -1.514140 -0.467151
8.932350 -1.542880 -0.158224
3.130770 -0.545280 -0.851515
3.632110 -0.633905 -0.851215
5.255560 -0.920078 -0.845059
6.978230 -1.224170 -0.869903
8.608880 -1.511780 -0.764704
8.772990 -1.543760 -0.466837
8.911150 -1.571280 -0.157944
3.140260 -0.558234 -0.854621
3.610690 -0.643163 -0.846716
5.260100 -0.939808 -0.846311
6.973920 -1.248520 -0.869903
8.611400 -1.543230 -0.765402
8.765580 -1.574020 -0.466732
8.911800 -1.601880 -0.158049
3.134490 -0.568502 -0.853585
3.608540 -0.655133 -0.846716
5.241400 -0.954415 -0.843808
6.969740 -1.271640 -0.869903
8.621640 -1.576150 -0.766796
8.762270 -1.603440 -0.466837
8.919920 -1.635500 -0.158293
3.140180 -0.580298 -0.855656
3.602400 -0.667015 -0.845816
5.238040 -0.972705 -0.843808
6.965260 -1.295960 -0.869903
8.667010 -1.615720 -0.771328
15.777100 -2.946910 -0.841144
8.918090 -1.667360 -0.158363
3.122850 -0.588939 -0.851515
3.603760 -0.680938 -0.846716
5.253850 -0.995574 -0.846936
6.960460 -1.321480 -0.869903
8.692340 -1.653440 -0.774117
15.776000 -3.006580 -0.841667
15.761300 -3.006640 -0.280076
3.120670 -0.600381 -0.851515
3.601240 -0.694142 -0.846716
5.254040 -1.015570 -0.847562
6.955570 -1.346990 -0.869903
15.782500 -3.067810 -0.842609
15.803200 -3.074700 -0.281019
3.110860 -0.610327 -0.849444
3.610150 -0.709591 -0.849415
5.238660 -1.032530 -0.845685
9.080660 -1.796370 -0.809851
9.106150 -1.804720 -0.486515
9.060060 -1.797230 -0.161225
3.131770 -0.624085 -0.855656
3.585090 -0.715721 -0.844016
5.216200 -1.044190 -0.842556
9.040450 -1.814670 -0.806714
9.077580 -1.825410 -0.485259
9.033120 -1.819760 -0.160841
3.140940 -0.637318 -0.858762
3.609310 -0.733666 -0.850315
5.235750 -1.067130 -0.846311
6.941580 -1.417330 -0.869903
9.049680 -1.849400 -0.808108
9.077020 -1.858290 -0.485573
9.024760 -1.850880 -0.160806
3.114100 -0.643198 -0.852032
3.587640 -0.742312 -0.845816
5.239730 -1.087000 -0.847562
9.101690 -1.893150 -0.813337
9.070480 -1.889970 -0.485573
9.028360 -1.882830 -0.160981
3.102380 -0.652078 -0.849444
3.594690 -0.756211 -0.848065
5.228370 -1.102740 -0.846311
6.931770 -1.464540 -0.869903
9.178840 -1.942650 -0.820833
15.758200 -3.338020 -0.844179
9.068680 -1.924300 -0.161819
3.115310 -0.665591 -0.853585
3.580600 -0.766307 -0.845366
5.224490 -1.120990 -0.846311
9.814760 -2.113060 -0.878356
15.712700 -3.388600 -0.842400
15.711700 -3.391260 -0.280565
3.105300 -0.675363 -0.851515
3.587290 -0.781499 -0.847616
5.208760 -1.137600 -0.844433
9.806950 -2.149020 -0.878356
15.706000 -3.447450 -0.842714
15.722600 -3.453970 -0.280984
3.102810 -0.686740 -0.851515
3.578690 -0.793377 -0.846266
5.219980 -1.160110 -0.846936
15.709500 -3.505730 -0.843551
15.714400 -3.509700 -0.281054
3.092970 -0.695330 -0.849444
3.598850 -0.810377 -0.851665
5.200690 -1.173930 -0.844433
6.980350 -1.576930 -0.878678
9.792100 -2.215730 -0.878356
15.625700 -3.541470 -0.839678
15.616900 -3.542330 -0.279518
3.092530 -0.706013 -0.849962
3.594250 -0.821872 -0.851215
5.196770 -1.191170 -0.844433
9.784690 -2.248180 -0.878356
15.390000 -3.541760 -0.827641
15.493300 -3.571220 -0.277528
3.084410 -0.715494 -0.848409
3.568580 -0.829121 -0.845816
4.296800 -0.999107 -0.857496
5.207970 -1.212890 -0.846936
6.899580 -1.609390 -0.869903
9.776790 -2.282330 -0.878356
15.109200 -3.532710 -0.813196
15.169200 -3.552330 -0.271943
3.102570 -0.731130 -0.854103
3.559970 -0.840230 -0.844466
4.293290 -1.014100 -0.857496
5.188330 -1.227430 -0.844433
6.893920 -1.633470 -0.869903
9.768360 -2.318140 -0.878356
14.824700 -3.520810 -0.798542
14.837700 -3.529370 -0.266219
3.103630 -0.743397 -0.855138
3.566490 -0.854923 -0.846716
4.194090 -1.006910 -0.838415
5.199160 -1.250130 -0.846936
6.888170 -1.657520 -0.869903
9.760210 -2.352230 -0.878356
14.567100 -3.516080 -0.785353
14.619200 -3.531370 -0.262519
3.082240 -0.749661 -0.849962
3.559550 -0.867066 -0.845816
5.206280 -1.271080 -0.848813
6.882050 -1.682750 -0.869903
14.333600 -3.512710 -0.773421
14.276700 -3.501400 -0.256585
3.081480 -0.760878 -0.850479
3.560440 -0.879801 -0.846716
4.255570 -1.053150 -0.852153
5.228880 -1.294990 -0.853194
6.876440 -1.705570 -0.869903
14.089300 -3.502410 -0.760860
14.089700 -3.507740 -0.253444
3.105180 -0.777663 -0.857726
3.553570 -0.891275 -0.845816
4.373920 -1.097840 -0.876577
5.178350 -1.301670 -0.845685
6.870440 -1.729560 -0.869903
13.829100 -3.489030 -0.747462
13.864700 -3.500590 -0.249604
3.098700 -0.787546 -0.856691
3.554370 -0.904015 -0.846716
4.274940 -1.088870 -0.857496
5.154860 -1.313960 -0.842556
6.864670 -1.752330 -0.869903
13.593000 -3.477440 -0.735320
13.658700 -3.499340 -0.246114
3.088590 -0.795889 -0.854621
3.549300 -0.915930 -0.846266
4.271300 -1.103040 -0.857496
5.173190 -1.337880 -0.846311
6.858510 -1.776290 -0.869903
13.344900 -3.463660 -0.722550
13.421900 -3.488640 -0.242065
3.066960 -0.802315 -0.849444
3.527230 -0.923378 -0.841767
5.141510 -1.349810 -0.841930
6.802350 -1.787100 -0.863566
13.173800 -3.470820 -0.713967
13.154400 -3.468180 -0.237457
3.056670 -0.811034 -0.847374
3.533240 -0.938802 -0.844016
5.140580 -1.368760 -0.842556
6.845620 -1.825320 -0.869903
12.949300 -3.460070 -0.702453
12.956200 -3.466750 -0.234107
3.059420 -0.823204 -0.848927
3.516770 -0.947581 -0.840867
4.164540 -1.122900 -0.838415
5.124330 -1.383610 -0.840679
6.839210 -1.849200 -0.869903
9.691180 -2.622140 -0.878356
12.740500 -3.451970 -0.691777
12.772200 -3.465350 -0.231000
3.065850 -0.836421 -0.851515
3.502160 -0.956769 -0.838168
4.255280 -1.163320 -0.857496
5.115660 -1.400450 -0.840053
6.782940 -1.859420 -0.863566
12.528100 -3.441400 -0.680891
12.594800 -3.462100 -0.227998
3.057320 -0.845573 -0.849962
3.514000 -0.972536 -0.841767
5.152860 -1.429020 -0.846936
6.788210 -1.885090 -0.865029
12.347300 -3.435810 -0.671680
12.343800 -3.439490 -0.223670
3.035900 -0.850495 -0.844785
3.506830 -0.983744 -0.840867
5.140240 -1.444860 -0.845685
6.747190 -1.899090 -0.860641
12.171800 -3.432810 -0.662783
12.174500 -3.435870 -0.220808
3.036630 -0.862143 -0.845821
3.503550 -0.995367 -0.840867
5.135420 -1.461890 -0.845685
6.748490 -1.923630 -0.861616
12.012500 -3.430920 -0.654723
11.995200 -3.430510 -0.217771
3.039170 -0.874339 -0.847374
3.488640 -1.004970 -0.838168
5.122430 -1.478510 -0.844433
6.726140 -1.943940 -0.859666
11.996000 -3.473810 -0.654514
11.996000 -3.478350 -0.218015
3.034250 -0.884402 -0.846856
3.470140 -1.012770 -0.834568
5.124830 -1.498600 -0.845685
6.715500 -1.966300 -0.859179
11.993400 -3.518480 -0.655037
12.001000 -3.525270 -0.218330
3.032990 -0.895535 -0.847374
3.489010 -1.031510 -0.839967
5.127140 -1.518730 -0.846936
6.697180 -1.986340 -0.857717
9.624720 -2.856450 -0.878356
12.005900 -3.567720 -0.656398
11.998200 -3.569990 -0.218504
3.022450 -0.903903 -0.845303
3.470460 -1.039210 -0.836368
5.102890 -1.530940 -0.843808
6.720620 -2.018840 -0.861616
9.614690 -2.890030 -0.878356
11.974300 -3.603850 -0.655351
17.243300 -5.196220 -0.314353
3.019270 -0.914448 -0.845303
3.481730 -1.055840 -0.839967
4.127430 -1.252440 -0.838415
5.101290 -1.549890 -0.844433
6.713890 -2.041120 -0.861616
9.604540 -2.923580 -0.878356
12.836600 -3.912310 -0.703291
17.254700 -5.262120 -0.314876
3.018070 -0.925021 -0.845821
3.474480 -1.066230 -0.839067
4.243370 -1.303000 -0.862838
5.115010 -1.572600 -0.847562
6.726060 -2.069210 -0.864054
9.594800 -2.955410 -0.878356
11.899800 -3.669970 -0.652629
17.246700 -5.322260 -0.315051
3.022370 -0.937313 -0.847891
3.452310 -1.071970 -0.834568
5.098440 -1.586040 -0.845685
6.707430 -2.089130 -0.862591
9.584420 -2.988890 -0.878356
11.872400 -3.704650 -0.651792
12.641400 -3.949460 -0.231175
3.013380 -0.946648 -0.846338
3.467140 -1.089860 -0.839067
4.207950 -1.324340 -0.857496
5.073760 -1.598780 -0.842556
6.662230 -2.100590 -0.857717
9.575830 -3.022920 -0.878530
11.833900 -3.740310 -0.650431
12.471200 -3.944120 -0.228312
3.004540 -0.955404 -0.844785
3.464980 -1.103150 -0.839517
5.086970 -1.622480 -0.845685
6.628010 -2.116540 -0.854304
9.565220 -3.056330 -0.878530
11.828400 -3.784030 -0.650850
12.311900 -3.943440 -0.225660
3.008540 -0.968253 -0.846856
3.464820 -1.116440 -0.840417
4.105180 -1.323560 -0.838415
5.054950 -1.631730 -0.841305
6.658360 -2.151870 -0.859179
9.554490 -3.089700 -0.878530
11.898700 -3.852370 -0.655456
12.142100 -3.935830 -0.222797
3.003300 -0.978151 -0.846338
3.457200 -1.127310 -0.839517
4.287170 -1.398780 -0.876577
5.064250 -1.654270 -0.843808
6.639490 -2.171400 -0.857717
9.543650 -3.123030 -0.878530
11.978200 -3.924350 -0.660585
12.010500 -3.939550 -0.220633
2.996200 -0.987419 -0.845303
3.419930 -1.128380 -0.831419
5.050940 -1.669460 -0.842556
6.654480 -2.202050 -0.860641
9.532690 -3.156330 -0.878530
11.975800 -3.969910 -0.661213
11.972000 -3.973260 -0.220180
3.001900 -1.000930 -0.847891
3.430760 -1.145250 -0.835018
5.045080 -1.687080 -0.842556
6.650520 -2.226520 -0.861129
11.971400 -4.014860 -0.661736
11.969400 -4.018850 -0.220389
2.991070 -1.008930 -0.845821
3.434120 -1.159710 -0.836818
5.039160 -1.704680 -0.842556
6.601340 -2.235720 -0.855767
9.416070 -3.190830 -0.869814
11.893000 -4.034810 -0.658177
11.887100 -4.037450 -0.219132
2.978380 -1.016250 -0.843232
3.444810 -1.176730 -0.840417
5.044400 -1.726100 -0.844433
6.623550 -2.269040 -0.859666
11.865600 -4.071760 -0.657444
11.859700 -4.074380 -0.218888
2.972990 -1.026010 -0.842715
3.418580 -1.181120 -0.835018
4.076560 -1.409240 -0.838415
5.027140 -1.739820 -0.842556
6.600580 -2.286950 -0.857717
11.915500 -4.135420 -0.661003
11.919100 -4.141350 -0.220249
2.973040 -1.037650 -0.843750
3.418110 -1.194330 -0.835918
5.013580 -1.754750 -0.841305
6.648760 -2.329670 -0.865029
9.382140 -3.289260 -0.869814
12.055500 -4.231220 -0.669586
17.417300 -6.119930 -0.322241
2.965760 -1.046740 -0.842715
3.417600 -1.207550 -0.836818
5.026040 -1.778830 -0.844433
6.599420 -2.338270 -0.859666
17.397700 -6.181360 -0.322276
2.967540 -1.059030 -0.844268
3.424370 -1.223410 -0.839517
5.004920 -1.791040 -0.841930
6.576270 -2.355940 -0.857717
9.452730 -3.388290 -0.878530
16.740400 -6.007130 -0.932104
17.391100 -6.247460 -0.322555
2.951110 -1.064790 -0.840644
3.445740 -1.244620 -0.845816
5.009790 -1.812530 -0.843808
6.616530 -2.396460 -0.864054
16.719400 -6.065530 -0.932104
17.391700 -6.316320 -0.322974
2.943740 -1.073760 -0.839609
3.404760 -1.243270 -0.836818
4.988590 -1.824580 -0.841305
6.589910 -2.411560 -0.861616
9.335310 -3.419930 -0.869814
16.698100 -6.123850 -0.932104
17.395100 -6.382910 -0.323428
2.954670 -1.088860 -0.843750
3.389650 -1.250510 -0.834118
4.138500 -1.527590 -0.857496
4.986220 -1.842480 -0.841930
6.563250 -2.426520 -0.859179
7.109320 -2.634050 -0.397335
2.954660 -1.100000 -0.844785
3.396440 -1.265830 -0.836818
4.980080 -1.859000 -0.841930
6.558890 -2.449660 -0.859666
2.938340 -1.105030 -0.841162
3.392230 -1.277080 -0.836818
4.036420 -1.520410 -0.838415
4.984980 -1.879690 -0.843808
6.535870 -2.465790 -0.857717
2.932470 -1.115110 -0.840644
3.398450 -1.293670 -0.839517
4.963290 -1.892320 -0.841305
6.882200 -2.633560 -0.128624
2.926550 -1.125160 -0.840127
3.393910 -1.305520 -0.839517
4.952630 -1.909080 -0.840679
2.929810 -1.138160 -0.842197
3.378210 -1.313710 -0.836818
4.945940 -1.926350 -0.840679
6.878080 -2.688570 -0.128903
2.922230 -1.146970 -0.841162
3.355460 -1.318370 -0.832319
4.942860 -1.945050 -0.841305
6.876090 -2.715500 -0.129043
2.914610 -1.155740 -0.840127
3.368950 -1.337270 -0.836818
4.958070 -1.971050 -0.845059
6.442540 -2.563800 -0.851379
6.867050 -2.738290 -0.129043
2.905180 -1.163750 -0.838574
3.364500 -1.348430 -0.836818
4.944170 -1.984540 -0.843808
6.467160 -2.598470 -0.855767
6.874140 -2.768960 -0.129357
2.894140 -1.170480 -0.836503
3.363390 -1.361630 -0.837718
4.937210 -2.001780 -0.843808
6.432300 -2.610580 -0.852354
6.871850 -2.795960 -0.129497
2.898770 -1.184740 -0.839091
3.331560 -1.362300 -0.830969
4.929840 -2.019870 -0.843808
6.415800 -2.630000 -0.851379
2.908910 -1.200750 -0.843232
3.330140 -1.375990 -0.831869
4.893560 -2.024980 -0.838802
6.428120 -2.662620 -0.854304
2.890430 -1.204950 -0.839091
3.336350 -1.391520 -0.834568
4.937860 -2.062510 -0.847562
6.415590 -2.682390 -0.853817
2.875740 -1.210030 -0.835986
3.335070 -1.404670 -0.835468
4.908780 -2.070520 -0.843808
6.380590 -2.693950 -0.850404
2.882160 -1.224590 -0.839091
3.322970 -1.413260 -0.833669
4.894260 -2.084550 -0.842556
6.378450 -2.719320 -0.851379
2.874320 -1.233120 -0.838056
3.328760 -1.429460 -0.836368
4.897840 -2.106300 -0.844433
6.376210 -2.744710 -0.852354
2.873540 -1.244680 -0.839091
3.305870 -1.433320 -0.831869
4.047080 -1.755520 -0.857496
4.861470 -2.110800 -0.839427
6.352030 -2.760620 -0.850404
2.862100 -1.251610 -0.837021
3.315130 -1.451100 -0.835468
4.872160 -2.135690 -0.842556
6.335080 -2.779590 -0.849429
2.861250 -1.263150 -0.838056
3.310300 -1.462090 -0.835468
4.839760 -2.140650 -0.838176
6.358500 -2.815050 -0.853817
2.864100 -1.275780 -0.840127
3.301620 -1.472050 -0.834568
4.028790 -1.797100 -0.857496
4.835870 -2.159140 -0.838802
6.337760 -2.832360 -0.852354
2.870200 -1.290520 -0.843232
3.271840 -1.471790 -0.828270
4.843090 -2.181650 -0.841305
6.313860 -2.846840 -0.850404
2.862390 -1.298440 -0.842197
3.284420 -1.491260 -0.832769
4.016460 -1.824490 -0.857496
4.842640 -2.201810 -0.842556
6.289430 -2.862280 -0.848454
2.852340 -1.306510 -0.840644
3.288060 -1.506780 -0.835018
3.984770 -1.827740 -0.852153
4.827350 -2.216250 -0.841305
6.293830 -2.890850 -0.850404
2.839000 -1.312400 -0.838056
3.277200 -1.516360 -0.833669
4.003310 -1.853180 -0.857496
4.826760 -2.236410 -0.842556
6.290400 -2.917240 -0.851379
2.830900 -1.320670 -0.837021
3.275690 -1.528870 -0.834568
3.907880 -1.825600 -0.838415
4.790680 -2.239020 -0.837550
6.273500 -2.934720 -0.850404
2.833490 -1.333340 -0.839091
3.266810 -1.538640 -0.833669
4.015460 -1.892100 -0.862838
4.789980 -2.259100 -0.838802
6.241670 -2.946430 -0.847480
2.832310 -1.344880 -0.840127
3.240560 -1.539430 -0.828270
4.072660 -1.936460 -0.876577
4.793170 -2.280060 -0.840679
6.246200 -2.973940 -0.849429
