0.274826 -3.061260 -0.823562
0.281922 -3.021820 -0.813209
0.289861 -2.993890 -0.805963
0.296582 -2.950520 -0.794574
0.308879 -2.968690 -0.799751
0.320066 -2.975270 -0.801821
0.331943 -2.987580 -0.805445
0.338189 -2.949930 -0.795610
0.350525 -2.966000 -0.800269
0.362743 -2.980100 -0.804410
0.374782 -2.996130 -0.809068
0.383977 -2.989130 -0.807515
0.394930 -2.987700 -0.807515
0.404837 -2.982470 -0.806480
0.415789 -2.988770 -0.808551
0.427857 -2.998770 -0.811657
0.439161 -3.003000 -0.813209
0.448732 -2.991820 -0.810621
0.458879 -2.988320 -0.810104
0.470207 -2.992430 -0.811657
0.481352 -2.998480 -0.813727
0.490356 -2.991150 -0.812174
0.500996 -2.987430 -0.811657
0.510636 -2.977950 -0.809586
0.524502 -2.999080 -0.815798
0.535462 -3.003030 -0.817351
0.544212 -2.991640 -0.814762
0.555004 -2.991620 -0.815280
0.565084 -2.987770 -0.814762
0.577339 -2.995260 -0.817351
0.588535 -2.997020 -0.818386
0.598378 -2.989160 -0.816833
0.610352 -2.994620 -0.818903
0.621193 -2.994370 -0.819421
0.634435 -3.005410 -0.823045
0.644922 -3.003180 -0.823045
0.653530 -2.997360 -0.822009
0.664407 -2.996950 -0.822527
0.674865 -2.994610 -0.822527
0.687901 -3.003540 -0.825633
0.700133 -3.008640 -0.827703
0.707964 -2.994900 -0.824597
0.720218 -2.999920 -0.826668
0.728855 -2.989880 -0.824597
0.741144 -2.994820 -0.826668
0.755358 -3.007210 -0.830809
0.765374 -3.002680 -0.830292
0.774882 -2.996250 -0.829256
0.785827 -2.995390 -0.829774
0.796775 -2.994500 -0.830292
0.809718 -3.003030 -0.833397
0.818158 -2.992730 -0.831327
0.828600 -2.989860 -0.831327
0.840076 -2.990670 -0.832362
0.852097 -2.993290 -0.833915
0.865218 -2.999580 -0.836503
0.875141 -2.994690 -0.835986
0.886137 -2.993470 -0.836503
0.894362 -2.982950 -0.834433
0.909259 -2.994600 -0.838574
0.920842 -2.995100 -0.839609
0.931291 -2.991870 -0.839609
0.942948 -2.994290 -0.841162
0.953395 -2.990980 -0.841162
0.965609 -2.993150 -0.842715
0.977849 -2.995270 -0.844268
0.984663 -2.980840 -0.841162
0.996899 -2.982880 -0.842715
1.006690 -2.977550 -0.842197
1.019570 -2.981330 -0.844268
1.035030 -2.992360 -0.848409
1.039090 -2.970490 -0.843232
1.054600 -2.981420 -0.847374
1.065000 -2.977720 -0.847374
1.073920 -3.005960 -0.736940
1.077360 -2.979430 -0.848927
1.087760 -2.975650 -0.848927
1.094940 -2.964780 -0.846856
1.106020 -2.996380 -0.737390
1.107990 -2.968180 -0.848927
1.115610 -2.957060 -0.846856
1.119350 -3.001820 -0.739639
1.130060 -2.963980 -0.849962
1.133260 -3.007010 -0.741889
1.139010 -2.956410 -0.848927
1.142360 -2.999400 -0.740989
1.147920 -2.948820 -0.847891
1.155380 -2.937600 -0.845821
1.155620 -3.002670 -0.742788
1.163270 -2.991350 -0.740989
1.164200 -2.929960 -0.844785
1.180120 -3.003590 -0.745038
1.180170 -2.940220 -0.848927
1.187530 -2.928920 -0.846856
1.192750 -3.004890 -0.746388
1.196280 -2.921190 -0.845821
1.206140 -3.007940 -0.748187
1.209420 -2.924130 -0.847891
1.215900 -3.001910 -0.747737
1.218130 -2.916330 -0.846856
1.225630 -2.995840 -0.747287
1.229810 -2.915620 -0.847891
1.239470 -2.911520 -0.847891
1.245760 -3.014960 -0.753136
1.250640 -2.910950 -0.848927
1.255520 -3.008790 -0.752686
1.258230 -2.899260 -0.846856
1.266770 -3.006190 -0.753136
1.268840 -2.894620 -0.846856
1.278440 -2.890400 -0.846856
1.280550 -3.010940 -0.755386
1.288990 -3.003090 -0.754486
1.289590 -2.889670 -0.847891
1.298080 -2.881630 -0.846856
1.304640 -3.009080 -0.757185
1.306530 -2.873570 -0.845821
1.313640 -2.863950 -0.844268
1.318790 -3.011420 -0.758985
1.328760 -3.007030 -0.758985
1.330120 -2.873370 -0.848409
1.338730 -3.002600 -0.758985
1.340960 -2.870460 -0.848927
1.349820 -2.862030 -0.847891
1.350800 -3.001470 -0.759885
1.358140 -2.853820 -0.846856
1.366110 -3.007380 -0.762584
1.367260 -2.847320 -0.846338
1.379840 -3.009680 -0.764384
1.380910 -2.851460 -0.848927
1.389820 -3.005080 -0.764384
1.393400 -2.851830 -0.850479
1.401630 -2.843480 -0.849444
1.404120 -3.007030 -0.766183
1.410330 -2.834870 -0.848409
1.413780 -3.000350 -0.765733
1.417990 -2.826720 -0.847374
1.428720 -2.823480 -0.847891
1.429260 -3.005960 -0.768433
1.443830 -2.828800 -0.850997
1.446490 -3.015010 -0.772032
1.449280 -2.815150 -0.848409
1.457010 -3.009940 -0.772032
1.462160 -2.817190 -0.850479
1.467510 -2.803510 -0.847891
1.469540 -3.010340 -0.773382
1.482700 -2.808620 -0.850997
1.485730 -3.015430 -0.776081
1.498850 -3.015460 -0.777431
1.501160 -2.818510 -0.855656
1.502270 -2.798200 -0.850997
1.511540 -2.793200 -0.850997
1.513210 -3.019180 -0.779680
1.523620 -2.791040 -0.852032
1.526380 -3.019100 -0.781030
1.536020 -3.012010 -0.780580
1.536630 -2.790510 -0.853585
1.546530 -3.006630 -0.780580
1.546820 -2.787090 -0.854103
1.550880 -2.771560 -0.850997
1.559110 -2.764720 -0.850479
1.565990 -3.018520 -0.785079
1.574480 -2.769330 -0.853585
1.581410 -3.023670 -0.787779
1.587980 -2.770530 -0.855656
1.592480 -3.017850 -0.787779
1.596190 -2.761340 -0.854621
1.603920 -3.013990 -0.788229
1.607280 -2.759370 -0.855656
1.610560 -2.744030 -0.852550
1.614830 -3.010380 -0.788678
1.618640 -2.734780 -0.851515
1.632210 -3.018720 -0.792278
1.632610 -2.735470 -0.853585
1.646130 -2.736370 -0.855656
1.647000 -3.019560 -0.794077
1.653670 -2.727310 -0.854621
1.657730 -2.715790 -0.852550
1.659940 -3.016920 -0.794977
1.668570 -3.007700 -0.794077
1.673750 -2.719570 -0.855656
1.681190 -2.710430 -0.854621
1.684240 -3.012350 -0.796777
1.698280 -2.715710 -0.858244
1.698480 -2.695060 -0.853585
1.698570 -3.013240 -0.798576
1.714100 -2.698900 -0.856691
1.718870 -2.686690 -0.854621
1.720100 -3.027930 -0.803975
1.729860 -2.684220 -0.855656
1.733130 -3.024980 -0.804875
1.750500 -3.030730 -0.808024
1.752900 -2.699230 -0.862385
1.762310 -2.693100 -0.862385
1.763480 -3.029960 -0.809374
1.768240 -2.661420 -0.856173
1.775960 -2.693380 -0.864456
1.788270 -2.671280 -0.861350
1.788300 -3.049310 -0.816122
1.798070 2.084550 -0.737634
1.801900 -2.671430 -0.863420
1.807410 -3.056150 -0.819722
1.807500 2.081490 -0.738670
1.814420 -2.630150 -0.856173
1.817240 -2.654000 -0.861867
1.817730 -2.674710 -0.866526
1.820590 -3.052860 -0.820621
1.823660 2.085350 -0.742293
1.832410 -2.636490 -0.860315
1.834250 -3.051490 -0.821971
1.841560 -2.592290 -0.852032
1.845880 2.096690 -0.748505
1.850010 -2.643060 -0.864456
1.850310 -2.623960 -0.860315
1.850600 -2.585840 -0.852032
1.851960 -3.056740 -0.825120
1.859970 2.097140 -0.751093
1.864700 2.087750 -0.750058
1.868650 -2.591900 -0.856173
1.874560 2.084100 -0.751093
1.875420 -2.582240 -0.855138
1.876780 -3.075860 -0.831869
1.880310 -2.569110 -0.853068
1.886970 -2.559420 -0.852032
1.887010 2.083280 -0.753163
1.890840 -2.546950 -0.849962
1.900770 -3.090870 -0.837718
1.906660 -2.549610 -0.853068
1.909890 2.093800 -0.759375
1.917220 -3.092160 -0.839967
1.922420 2.092810 -0.761446
1.926730 -2.558710 -0.858244
1.926950 -2.522170 -0.850479
1.930070 -3.088760 -0.840867
1.930980 -2.545810 -0.856173
1.939720 -2.519680 -0.852032
1.940840 -3.082000 -0.840867
1.941520 2.098850 -0.766104
1.941890 2.085340 -0.763516
1.948060 -2.513240 -0.852032
1.965010 2.095450 -0.769728
1.967250 -3.099890 -0.847616
1.971090 -2.524690 -0.858244
1.972310 2.088580 -0.769728
1.973320 -3.086780 -0.845816
1.977060 -2.515110 -0.857209
1.979350 -2.481260 -0.850479
1.979830 -2.500620 -0.854621
1.982490 -3.078580 -0.845366
1.990240 2.092880 -0.773869
1.990850 -2.477000 -0.851515
1.992160 -3.070010 -0.844916
2.000730 -3.059770 -0.844016
2.001180 2.090460 -0.775422
2.012110 -2.469740 -0.853585
2.012150 -2.452240 -0.849962
2.012420 -2.486910 -0.857209
2.017840 -3.062530 -0.846716
2.019190 2.094590 -0.779563
2.026850 -2.452650 -0.852550
2.030670 -3.058720 -0.847616
2.031690 -2.441110 -0.850997
2.033220 2.094460 -0.782151
2.034830 -3.041890 -0.844916
2.038960 -2.432520 -0.850479
2.042540 -2.401680 -0.844785
2.043220 2.090110 -0.783186
2.043260 -3.031540 -0.844016
2.043700 -2.420960 -0.848927
2.054260 -2.399290 -0.846338
2.059990 2.092600 -0.786810
2.064370 -3.017200 -0.844016
2.069160 -3.046960 -0.850315
2.069780 -2.401250 -0.849444
2.070000 2.088140 -0.787845
2.073790 -3.008370 -0.843566
2.077730 -2.394370 -0.849444
2.078860 -2.378010 -0.846338
2.081370 2.085010 -0.789398
2.083160 -2.999510 -0.843117
2.086290 -2.368930 -0.845821
2.087260 -2.352590 -0.842715
2.089150 -2.985840 -0.841317
2.097860 2.087630 -0.793022
2.099040 -2.978890 -0.841317
2.104920 -2.965190 -0.839517
2.106640 -2.358630 -0.847374
2.107990 -2.344450 -0.844785
2.112960 -2.911440 -0.830519
2.113010 2.088810 -0.796127
2.115250 -2.957830 -0.839517
2.117450 -2.338510 -0.845303
2.121010 -2.944100 -0.837718
2.122110 -2.326450 -0.843750
2.125960 -3.155430 -0.739576
2.131030 -2.912750 -0.833219
2.132650 -2.306270 -0.841680
2.133730 -2.323670 -0.845303
2.134080 2.094960 -0.801304
2.143320 -2.301640 -0.842715
2.145300 -2.911940 -0.835018
2.145780 -3.160980 -0.742629
2.148290 2.094240 -0.803892
2.154590 -3.150230 -0.741865
2.155590 2.086730 -0.803892
2.155710 -2.266100 -0.838056
2.157020 -2.299410 -0.844785
2.158760 -2.867900 -0.828720
2.161060 -2.287650 -0.843232
2.163900 -2.895710 -0.834568
2.167060 -2.920080 -0.839517
2.169900 -2.265910 -0.840644
2.171790 -2.865380 -0.830069
2.172250 -3.152390 -0.744155
2.172610 2.088560 -0.807515
2.177790 -2.258330 -0.840644
2.178540 -2.244160 -0.838056
2.181100 -2.855850 -0.829619
2.186870 2.087630 -0.810104
2.187720 -3.151240 -0.745682
2.188680 -2.845130 -0.828720
2.189060 -2.239300 -0.839091
2.189680 -2.208880 -0.833397
2.197400 -2.835940 -0.828270
2.199580 -2.234400 -0.840127
2.202200 -2.802530 -0.822871
2.202310 -2.190810 -0.832362
2.205360 2.090620 -0.814245
2.206790 -2.828630 -0.828270
2.213760 -2.217630 -0.839609
2.213900 -2.798260 -0.823771
2.214420 -2.173060 -0.831327
2.215460 2.085560 -0.815280
2.217810 -2.191640 -0.835468
2.218410 -3.172930 -0.752551
2.220980 -2.163580 -0.830809
2.221720 -2.787080 -0.822871
2.222370 2.078200 -0.815280
2.226410 -2.753320 -0.817472
2.229470 -2.775880 -0.821971
2.237050 -2.149760 -0.831327
2.238510 -3.178000 -0.755604
2.240350 -2.137930 -0.829774
2.242910 -2.754990 -0.820172
2.243590 -2.126110 -0.828221
2.243790 -2.170590 -0.836503
2.245100 -2.738100 -0.817472
2.245540 2.084500 -0.820974
2.255220 -2.122240 -0.829774
2.255650 2.079260 -0.822009
2.258650 -2.095930 -0.825633
2.262090 -2.739260 -0.820172
2.264020 -2.115670 -0.830292
2.264160 -2.722360 -0.817472
2.267400 -2.706970 -0.815223
2.267530 -2.074900 -0.823562
2.268790 -2.090650 -0.826668
2.273530 -2.694180 -0.813873
2.274290 2.081810 -0.826150
2.276860 -3.208600 -0.764763
2.280400 -2.683250 -0.812973
2.281200 -3.191050 -0.762473
2.281900 -2.073460 -0.826150
2.284040 2.076860 -0.827186
2.285540 2.063700 -0.825115
2.288920 -2.022210 -0.818386
2.290500 -2.037900 -0.821492
2.290570 -2.052330 -0.824080
2.292000 -2.068070 -0.827186
2.294330 -2.663640 -0.811623
2.294350 -2.681600 -0.814773
2.299920 2.062150 -0.827703
2.304670 -2.021860 -0.821492
2.305660 2.052830 -0.827186
2.306980 -2.660430 -0.812973
2.309020 -2.643160 -0.810274
2.317030 2.034130 -0.826150
2.317700 -1.992130 -0.818903
2.318600 2.049880 -0.829256
2.318650 -2.020550 -0.824080
2.319860 -3.221300 -0.771632
2.322410 -2.010320 -0.823045
2.322560 -2.639060 -0.811623
2.323770 2.026440 -0.826150
2.324980 -1.983620 -0.818903
2.328600 -1.973400 -0.817868
2.330830 2.018310 -0.826150
2.334800 -2.633450 -0.812523
2.336950 -1.966500 -0.818386
2.337860 2.010160 -0.826150
2.338010 -3.222720 -0.773921
2.339360 -1.954620 -0.816833
2.343100 -2.607760 -0.809374
2.343320 -1.931690 -0.813727
2.344820 -2.627150 -0.812973
2.347410 -2.593380 -0.807574
2.347800 2.004500 -0.827186
2.351830 1.993800 -0.826150
2.352450 -1.950960 -0.818903
2.355130 -2.583730 -0.807124
2.356370 -1.927980 -0.815798
2.356800 1.969890 -0.823045
2.358410 -1.900960 -0.811657
2.358780 1.985570 -0.826150
2.359520 -1.874830 -0.807515
2.360190 -2.571180 -0.805775
2.367180 -3.237900 -0.779646
2.368040 -1.895130 -0.812692
2.369610 1.966590 -0.825115
2.372420 -1.926640 -0.818903
2.373990 -2.569070 -0.807574
2.374820 -1.874180 -0.810621
2.379410 -2.556070 -0.806225
2.379630 -3.231200 -0.780027
2.381650 -2.540640 -0.803975
2.382420 1.963220 -0.827186
2.383280 1.950000 -0.825115
2.384080 1.936800 -0.823045
2.384480 -1.855600 -0.809586
2.393190 -1.875820 -0.814762
2.393830 1.930890 -0.824080
2.394630 -1.836130 -0.808551
2.395010 -3.229600 -0.781554
2.397380 -1.851570 -0.811657
2.398530 -2.540810 -0.806674
2.402930 -2.493530 -0.799476
2.403360 -2.528190 -0.805325
2.406250 1.927770 -0.826150
2.407390 -1.819370 -0.808551
2.407540 -1.806320 -0.806480
2.407550 -2.480930 -0.798126
2.408120 -2.515560 -0.803975
2.408390 1.887740 -0.819939
2.408710 -1.833610 -0.811139
2.409800 -3.225940 -0.782699
2.409940 1.916950 -0.825115
2.410550 1.903740 -0.823045
2.412280 -1.796750 -0.805963
2.413880 -1.784870 -0.804410
2.414400 -2.471540 -0.797676
2.421060 1.884070 -0.822009
2.425520 2.084070 -0.738289
2.427580 -1.743110 -0.800786
2.429140 -2.435080 -0.794077
2.429440 -1.783300 -0.807515
2.430220 -2.453240 -0.797227
2.430680 1.877970 -0.823045
2.431120 1.852020 -0.818903
2.431290 2.074320 -0.737839
2.432530 -1.772530 -0.806480
2.433480 -2.422460 -0.792728
2.433830 1.867550 -0.822009
2.434490 1.841190 -0.817868
2.438050 -2.478380 -0.802625
2.438700 -1.764030 -0.806480
2.443990 1.835000 -0.818903
2.445100 -1.718450 -0.800786
2.445930 -1.744020 -0.804927
2.446450 -3.252440 -0.791094
2.446640 1.825000 -0.817868
2.450120 -1.734780 -0.804410
2.451080 -1.709900 -0.800786
2.451520 -1.685520 -0.797163
2.451900 2.077160 -0.741889
2.458530 -2.363420 -0.787329
2.458550 -2.430390 -0.798126
2.459530 1.820620 -0.819939
2.459640 1.807450 -0.817868
2.459690 1.794300 -0.815798
2.459920 -1.703960 -0.801821
2.464720 -2.401860 -0.794527
2.465210 -2.420860 -0.797676
2.470320 1.789530 -0.817351
2.471270 -2.392320 -0.794077
2.471750 -1.686750 -0.801821
2.474410 -1.637780 -0.795092
2.474810 -2.363330 -0.790028
2.476550 1.780890 -0.817351
2.477630 -1.678110 -0.801821
2.479120 -3.272050 -0.797963
2.480260 -1.667300 -0.800786
2.481320 -2.336640 -0.786879
2.484490 2.089910 -0.749537
2.485900 1.774480 -0.818386
2.489000 -2.311300 -0.784179
2.489050 1.749980 -0.815280
2.489570 -1.660340 -0.801821
2.490390 1.737970 -0.813727
2.491410 -1.636550 -0.798716
2.491530 -2.362720 -0.792728
2.492390 1.765360 -0.818386
2.494190 -2.299960 -0.783280
2.494760 2.083720 -0.750437
2.496290 -1.614920 -0.796645
2.496580 -2.334620 -0.789128
2.497680 -3.272740 -0.800253
2.500910 1.733000 -0.815280
2.504880 -1.608720 -0.797680
2.505200 -1.633120 -0.801304
2.507860 1.712670 -0.813727
2.508020 2.079980 -0.752236
2.509660 -3.263570 -0.800253
2.510120 1.726450 -0.816315
2.510190 -2.282490 -0.783280
2.510480 -1.599970 -0.797680
2.512220 1.702820 -0.813209
2.514450 -2.254500 -0.779680
2.516570 -2.304400 -0.787779
2.518320 -1.580350 -0.796645
2.519320 -1.593260 -0.798716
2.520460 -3.255230 -0.800253
2.521130 1.682660 -0.812174
2.521360 1.696200 -0.814245
2.522480 -2.277630 -0.784629
2.523820 -1.571550 -0.796645
2.524360 -1.559690 -0.795092
2.527300 2.081120 -0.755836
2.530210 1.675980 -0.813209
2.531810 -3.246410 -0.800253
2.531850 1.652380 -0.810104
2.531890 -1.540020 -0.794057
2.533950 -2.256080 -0.783280
2.536040 1.667140 -0.813209
2.536380 -1.554900 -0.797163
2.537600 1.643530 -0.810104
2.542560 -3.237990 -0.800253
2.542890 -1.510460 -0.792504
2.543780 -2.233190 -0.781480
2.544820 -1.499610 -0.791469
2.544950 1.635710 -0.810621
2.545110 2.080920 -0.758985
2.545890 -1.524290 -0.795092
2.547770 1.598840 -0.805963
2.550570 -2.254970 -0.785979
2.552130 -1.540150 -0.798716
2.553370 -1.492670 -0.792504
2.555580 -2.228590 -0.782830
2.555810 1.629490 -0.812174
2.558220 1.618490 -0.811139
2.558540 -2.216270 -0.781480
2.558570 -1.483750 -0.792504
2.560130 -1.473330 -0.791469
2.560260 -1.449710 -0.788363
2.562210 -2.203070 -0.780130
2.565110 -3.220160 -0.800253
2.565900 1.599000 -0.810104
2.567860 1.551480 -0.803892
2.568180 1.588000 -0.809068
2.568610 -1.466300 -0.792504
2.570510 2.086770 -0.764384
2.571580 -2.180090 -0.778331
2.577420 2.078230 -0.764384
2.579200 1.570030 -0.809068
2.579890 1.546480 -0.805963
2.580290 1.583070 -0.811139
2.583270 -2.175310 -0.779680
2.583570 -1.439770 -0.792504
2.585200 -1.428870 -0.791469
2.585520 -1.452110 -0.794574
2.586870 -1.405730 -0.788880
2.587030 1.526920 -0.804927
2.588230 -2.163330 -0.778781
2.588320 1.539890 -0.806998
2.589150 -2.210560 -0.785979
2.589270 1.503970 -0.802339
2.589480 1.492030 -0.800786
2.590170 -1.419840 -0.791469
2.592260 2.075310 -0.766633
2.592340 1.517880 -0.804927
2.595770 -2.154280 -0.778781
2.595990 -1.364080 -0.785775
2.598690 -3.193130 -0.800253
2.601730 -1.390360 -0.790433
2.601970 -1.402190 -0.791986
2.603160 -1.379460 -0.789398
2.604740 1.488730 -0.803892
2.606650 1.465780 -0.801304
2.606690 1.453850 -0.799751
2.606980 -2.134550 -0.777881
2.607160 -1.346810 -0.786292
2.607580 -1.358580 -0.787845
2.608160 -2.151530 -0.780580
2.608240 1.478680 -0.803374
2.608740 -2.120070 -0.776081
2.609820 -3.184040 -0.800253
2.611500 1.445190 -0.799751
2.616270 1.436530 -0.799751
2.617800 2.080800 -0.772032
2.620920 -3.174910 -0.800253
2.621040 -2.114160 -0.777431
2.621270 1.427390 -0.799751
2.622620 -1.320760 -0.786810
2.625800 1.382090 -0.795092
2.626240 1.418230 -0.799751
2.627790 1.394870 -0.797163
2.629630 2.075270 -0.773382
2.629720 1.407680 -0.799233
2.630900 -1.312860 -0.787845
2.631970 -2.078600 -0.774282
2.631980 -3.165740 -0.800253
2.632970 -2.108650 -0.778781
2.633960 -1.349610 -0.793022
2.634210 -2.094600 -0.776981
2.634980 -1.339120 -0.791986
2.636300 -1.293220 -0.786810
2.637100 1.364610 -0.795610
2.637940 1.354550 -0.794574
2.640890 1.378280 -0.798198
2.641910 -2.072270 -0.775181
2.642160 -1.307560 -0.789916
2.642340 1.298470 -0.788880
2.642750 -3.089890 -0.790331
2.643020 -3.156530 -0.800253
2.643190 -1.252250 -0.783704
2.645270 -1.274790 -0.786810
2.646000 -1.264340 -0.785775
2.646210 1.312440 -0.791469
2.647750 -1.287390 -0.788880
2.649520 1.336050 -0.795092
2.649780 1.348380 -0.796645
2.652570 -2.064970 -0.776081
2.653740 2.079300 -0.778331
2.654020 -3.147290 -0.800253
2.654540 -1.246300 -0.785775
2.655130 -2.052120 -0.774731
2.659010 1.295160 -0.792504
2.659120 1.329850 -0.796645
2.660090 -2.026450 -0.772032
2.660630 -1.237840 -0.786292
2.661770 1.285030 -0.791986
2.662170 -1.216030 -0.784222
2.663830 -2.044030 -0.775181
2.664040 -2.014800 -0.771132
2.664600 1.252160 -0.788880
2.665540 -3.137540 -0.800253
2.666020 1.276200 -0.791986
2.670680 1.266420 -0.791986
2.671680 -1.209120 -0.785775
2.672240 1.244950 -0.789916
2.672620 -2.006660 -0.771582
2.673360 -1.992660 -0.769782
2.673650 2.079130 -0.781930
2.673700 -1.232590 -0.788880
2.675890 -1.199790 -0.785775
2.678090 1.213710 -0.787845
2.681220 -1.168610 -0.783704
2.682310 1.204350 -0.787845
2.683360 1.239320 -0.791986
2.684370 1.227870 -0.790951
2.685150 2.073820 -0.783280
2.686290 -3.119790 -0.800253
2.687120 -1.193570 -0.787845
2.687730 -1.182630 -0.786810
2.687780 -1.959960 -0.767983
2.688130 -1.989110 -0.772032
2.689820 1.197020 -0.788880
2.690340 -1.976250 -0.770682
2.692060 1.153260 -0.784739
2.692380 -1.162310 -0.785775
2.692870 -1.151380 -0.784739
2.692880 -3.062000 -0.792621
2.694190 1.187150 -0.788880
2.695660 -1.119890 -0.782151
2.696070 -3.111340 -0.800253
2.696870 -1.141980 -0.784739
2.697570 -1.110210 -0.781634
2.697760 -1.952850 -0.768883
2.699630 1.145370 -0.785775
2.699810 -1.940010 -0.767533
2.701850 1.179290 -0.789916
2.702410 1.168320 -0.788880
2.703200 2.072740 -0.786429
2.704080 -3.052110 -0.792621
2.704620 1.103190 -0.782669
2.705390 1.136690 -0.786292
2.707460 -3.101430 -0.800253
2.707770 -1.136020 -0.786810
2.711010 -1.071720 -0.781116
2.712160 -1.105160 -0.784739
2.712580 -1.935580 -0.769333
2.712830 -1.082860 -0.782669
2.714690 1.129460 -0.787845
2.715430 1.097110 -0.784739
2.716010 -1.095680 -0.784739
2.716080 1.053500 -0.780598
2.716600 -2.961530 -0.781172
2.716920 -3.024870 -0.790331
2.717640 1.086430 -0.784222
2.718620 1.119980 -0.787845
2.719740 1.044010 -0.780598
2.719760 1.065320 -0.782669
2.720570 -1.927700 -0.769782
2.720910 -1.913700 -0.767983
2.721270 2.071550 -0.789578
2.721920 -1.032870 -0.780081
2.722780 -1.900850 -0.766633
2.725010 1.078360 -0.785257
2.726740 -0.969340 -0.775422
2.727320 -1.024040 -0.780598
2.727330 -1.067180 -0.784739
2.727500 -1.045350 -0.782669
2.728790 -0.980813 -0.776975
2.730590 1.037250 -0.782669
2.733870 -1.895140 -0.767983
2.733910 0.995063 -0.779563
2.734430 -0.993631 -0.779563
2.734640 -1.059050 -0.785775
2.737670 1.007270 -0.781634
2.737820 2.069090 -0.792278
2.738500 -3.005350 -0.790331
2.738980 2.041570 -0.788678
2.739050 -1.856570 -0.763934
2.739820 2.027360 -0.786879
2.740240 -2.966460 -0.784988
2.740860 -3.071960 -0.800253
2.741430 1.030430 -0.784739
2.741900 2.057180 -0.791378
2.741920 -1.018080 -0.783704
2.742210 -1.872710 -0.766633
2.742780 -0.910805 -0.774387
2.742870 -0.964301 -0.779045
2.743240 -0.921605 -0.775422
2.743670 -0.932418 -0.776457
2.744720 -2.908560 -0.777356
2.745010 1.020860 -0.784739
2.745050 0.946270 -0.778010
2.745280 -1.888900 -0.769333
2.745710 -0.870464 -0.771798
2.745840 0.967500 -0.780081
2.745880 -0.943873 -0.778010
2.747200 0.957754 -0.779563
2.748270 0.989441 -0.782669
2.749860 -0.955990 -0.780081
2.750580 -2.956870 -0.784988
2.750760 2.005890 -0.785979
2.750880 -2.875620 -0.773540
2.751710 0.979841 -0.782669
2.751950 2.020770 -0.788229
2.752150 -2.896110 -0.776593
2.752300 -1.850870 -0.765733
2.752710 -1.011160 -0.785775
2.756480 0.918563 -0.778528
2.758720 -2.943910 -0.784225
2.759310 0.940421 -0.781116
2.760620 -0.906045 -0.778528
2.760900 0.886428 -0.776975
2.761310 0.897735 -0.778010
2.761710 -3.053230 -0.800253
2.764060 2.000840 -0.787779
2.764410 0.931399 -0.781634
2.764730 -0.887126 -0.778010
2.765450 -0.897482 -0.779045
2.766040 0.857290 -0.775940
2.766850 -1.846660 -0.767983
2.766870 0.867615 -0.776975
2.767170 -0.866648 -0.776975
2.768440 1.974710 -0.785079
2.768700 -0.835391 -0.774904
2.769010 0.911475 -0.781116
2.771600 -0.825722 -0.774904
2.771840 -0.783306 -0.771798
2.772610 1.992320 -0.788229
2.773280 -1.836990 -0.767983
2.773300 -0.846825 -0.776975
2.773810 0.838519 -0.776457
2.774860 -2.841520 -0.772013
2.774870 0.880775 -0.780081
2.775370 0.756133 -0.770763
2.776380 -0.795589 -0.773869
2.776400 0.849893 -0.778010
2.778050 -1.826220 -0.767533
2.778170 -0.817132 -0.775940
2.778420 0.829868 -0.776975
2.779280 -1.799370 -0.764384
2.779320 0.778093 -0.773351
2.779510 -1.813320 -0.766183
2.781250 0.799613 -0.775422
2.781680 1.969540 -0.786879
2.781720 0.747443 -0.771798
2.782150 0.810398 -0.776457
2.784060 -2.870920 -0.777356
2.784100 1.955970 -0.785529
2.785770 1.943380 -0.784179
2.787180 -1.790710 -0.764834
2.788420 -0.809584 -0.778010
2.788630 -0.862693 -0.782151
2.789270 0.718759 -0.771798
2.789580 -0.777290 -0.775940
2.789710 -0.747500 -0.773869
2.789820 -1.779360 -0.763934
2.790110 -1.738720 -0.758985
2.790420 0.823384 -0.779563
2.790620 -1.752590 -0.760784
2.791070 -1.766490 -0.762584
2.791460 0.792008 -0.777492
2.791890 0.708532 -0.771798
2.792470 0.698313 -0.771281
2.792540 1.933650 -0.784179
2.793200 0.771473 -0.776457
2.795780 -2.843020 -0.775066
2.797390 0.741191 -0.775422
2.798470 0.648652 -0.769728
2.799120 -0.687530 -0.772316
2.799200 1.910200 -0.782380
2.799510 -0.677790 -0.771798
2.799700 0.607875 -0.767657
2.799770 -0.739731 -0.775940
2.799950 0.659302 -0.770763
2.799960 0.731422 -0.775422
2.800160 -2.827660 -0.773540
2.800350 -2.788650 -0.768197
2.800520 0.689947 -0.772834
2.801050 0.628675 -0.769210
2.801130 -0.719207 -0.774904
2.801340 0.618478 -0.768693
2.801390 0.669971 -0.771798
2.801770 -2.908420 -0.784988
2.801810 0.598100 -0.767657
2.802150 1.926580 -0.785079
2.802340 -0.729954 -0.775940
2.803320 -0.771109 -0.779045
2.803620 -0.709425 -0.774904
2.804010 0.558770 -0.766104
2.804490 0.639738 -0.770763
2.805860 -0.761809 -0.779045
2.806080 1.872130 -0.778781
2.807240 -2.815090 -0.772776
2.809070 1.902600 -0.783280
2.809530 0.509060 -0.765069
2.809740 0.539544 -0.766622
2.809830 -0.700568 -0.775940
2.810300 0.682479 -0.774904
2.810850 1.889520 -0.781930
2.812140 -1.725310 -0.761684
2.812210 -0.649251 -0.773351
2.812730 -1.739210 -0.763484
2.814350 -0.639921 -0.773351
2.814380 0.469956 -0.764552
2.815010 -0.671150 -0.775422
2.815290 0.571243 -0.769728
2.816570 -0.630094 -0.773351
2.817240 0.520619 -0.767657
2.817800 1.865060 -0.780130
2.818640 -0.620750 -0.773351
2.818900 0.500600 -0.767140
2.818900 0.591981 -0.771798
2.819200 0.531164 -0.768693
2.819210 0.551575 -0.769728
2.819570 -0.579287 -0.771281
2.820340 0.481075 -0.766622
2.820750 -2.790390 -0.771250
2.820850 0.582631 -0.771798
2.821100 -0.662202 -0.776457
2.823110 0.400783 -0.764034
2.823310 0.451211 -0.766104
2.823970 1.855700 -0.780130
2.824120 -1.705630 -0.761684
2.825530 0.461686 -0.767140
2.825970 0.421336 -0.765587
2.826980 -0.591102 -0.773869
2.827040 1.829590 -0.777431
2.828140 -1.721560 -0.764384
2.828240 1.802480 -0.774282
2.828580 -0.602264 -0.774904
2.829400 -2.759170 -0.768197
2.830050 -1.695770 -0.761684
2.830480 -2.780530 -0.771250
2.830600 0.442247 -0.767657
2.830890 -0.542070 -0.772316
2.832050 0.492744 -0.770245
2.833180 1.791060 -0.773832
2.833490 0.382096 -0.766104
2.835070 0.412582 -0.767657
2.835900 -0.614179 -0.777492
2.835970 0.392515 -0.767140
2.835990 -0.481200 -0.770763
2.836570 0.342762 -0.765587
2.836680 1.821820 -0.778331
2.836720 -0.572498 -0.775422
2.836950 1.850090 -0.781930
2.837340 0.262713 -0.763516
2.838090 0.312827 -0.765069
2.838750 -0.552312 -0.774904
2.839200 -0.461885 -0.770763
2.839530 0.213507 -0.762999
2.839760 0.433529 -0.769728
2.840090 -0.491590 -0.772316
2.840210 -0.430556 -0.769728
2.840340 1.768640 -0.772482
2.840400 -0.522848 -0.773869
2.840600 -0.562968 -0.775940
2.840980 -1.688860 -0.763034
2.841030 0.243064 -0.764034
2.841260 0.282594 -0.765069
2.841820 -1.675970 -0.761684
2.842160 -0.502173 -0.773351
2.842470 0.373209 -0.768175
2.842710 1.783230 -0.774731
2.842940 0.065012 -0.761963
2.844020 0.253321 -0.765069
2.844200 -0.512777 -0.774387
2.844250 -0.533829 -0.775422
2.844460 -0.132649 -0.762999
2.844660 -2.754740 -0.769724
2.844700 0.165021 -0.763516
2.844840 1.757690 -0.772032
2.845240 0.114773 -0.762999
2.845420 -1.638830 -0.758085
2.846040 0.204008 -0.764552
2.846250 -0.442149 -0.771798
2.846480 0.224022 -0.765069
2.846580 0.323824 -0.767657
2.847500 0.015904 -0.762999
2.847630 1.745720 -0.771132
2.848090 -0.291810 -0.767140
2.848380 -0.341666 -0.768693
2.848430 -0.453185 -0.772834
2.849330 0.184258 -0.765069
2.849450 -0.182268 -0.765069
2.850880 0.055238 -0.764034
2.851050 0.045286 -0.764034
2.851180 -0.422551 -0.772316
2.851180 0.334433 -0.769210
2.851360 0.364762 -0.770245
2.851570 0.145452 -0.765069
2.851780 0.293698 -0.768175
2.851880 0.174428 -0.765587
2.852080 -0.402864 -0.771798
2.852610 0.354806 -0.770245
2.852700 -1.668990 -0.763034
2.852910 -0.382686 -0.771281
2.852940 -0.282247 -0.768175
2.853690 0.095166 -0.765069
2.853790 -2.688330 -0.762091
2.854480 -0.413371 -0.772834
2.854510 -1.630830 -0.758985
2.854780 -0.053319 -0.765069
2.854840 -0.352554 -0.770763
2.855060 0.035383 -0.765069
2.855270 0.006479 -0.765069
2.855270 0.105198 -0.765587
2.856370 0.194728 -0.767140
2.856740 1.738290 -0.772032
2.856870 -0.043882 -0.765587
2.857170 -0.014462 -0.765587
2.857210 -0.003989 -0.765587
2.857230 -0.332615 -0.770763
2.857270 0.234409 -0.768175
2.857390 -0.232912 -0.768175
2.858310 0.125797 -0.766622
2.858490 -0.243048 -0.768693
2.858540 -0.475278 -0.776457
2.858940 -0.033932 -0.766104
2.859030 0.025450 -0.766104
2.859440 -2.750740 -0.771250
2.859680 -0.272837 -0.769728
2.859740 -0.172405 -0.767657
2.859800 0.085378 -0.766622
2.860200 -1.660000 -0.763484
2.860290 0.305173 -0.770763
2.860510 -0.303175 -0.770763
2.860690 0.155931 -0.767657
2.860970 -0.024468 -0.766622
2.861080 1.700820 -0.768433
2.861190 -0.393461 -0.773869
2.862010 0.075445 -0.767140
2.862070 -0.072947 -0.767140
2.862300 -0.063455 -0.767140
2.863340 -2.735310 -0.769724
2.863380 0.274704 -0.770763
2.863490 1.715800 -0.770682
2.863530 -0.203251 -0.769210
2.863800 -0.373976 -0.773869
2.864460 -0.263207 -0.770763
2.864460 1.729310 -0.772482
2.864640 -0.113053 -0.768175
2.865250 -0.313289 -0.772316
2.865360 -0.253206 -0.770763
2.865830 -1.610860 -0.758985
2.866930 -0.103622 -0.768693
2.867180 -2.719900 -0.768197
2.868580 -0.213676 -0.770763
2.869200 -0.093677 -0.769210
2.869430 0.136322 -0.769728
2.869890 -1.522100 -0.749987
2.869940 -0.163470 -0.770245
2.870360 -1.626620 -0.761684
2.870840 -0.364708 -0.775422
2.870990 -0.143931 -0.770245
2.871210 1.679820 -0.767983
2.871430 -1.600840 -0.758985
2.871810 -0.324156 -0.774387
2.871920 -0.123884 -0.770245
2.871930 -0.193774 -0.771281
2.872430 -0.153554 -0.770763
2.875400 1.695770 -0.770682
2.877240 -0.083887 -0.771281
2.877450 -0.224439 -0.773351
2.879120 1.630920 -0.763934
2.879490 1.657780 -0.767083
2.880130 -1.593200 -0.759885
2.880180 1.644820 -0.765733
2.880420 1.671740 -0.768883
2.882900 -1.567890 -0.757635
2.885190 -1.543130 -0.755386
2.885950 -1.582630 -0.759885
2.886100 -2.699820 -0.768197
2.890070 -1.558750 -0.758085
2.893290 1.625630 -0.766183
2.894060 1.600240 -0.763484
2.899730 -2.656180 -0.764381
2.900270 -2.638120 -0.762091
2.900650 1.616470 -0.766633
2.900720 -2.620080 -0.759801
2.901080 -2.602080 -0.757512
2.901260 -2.695070 -0.769724
2.901530 -2.566150 -0.752932
2.903520 1.566650 -0.761684
2.904470 1.593450 -0.764834
2.904570 -2.550830 -0.751406
2.904870 -2.679600 -0.768197
2.906240 -1.528400 -0.758085
2.908300 1.582370 -0.764384
2.909680 -1.492170 -0.754936
2.909830 -1.517340 -0.757635
2.916010 -2.597160 -0.759038
2.916380 1.546750 -0.762134
2.916580 1.533840 -0.760784
2.918090 -1.484280 -0.755836
2.918570 -1.508970 -0.758535
2.919280 1.562030 -0.764384
2.921290 -1.434290 -0.751337
2.924210 -1.410470 -0.749537
2.926990 -1.475320 -0.756735
2.927110 1.526350 -0.762134
2.928740 -1.450020 -0.754486
2.928950 1.514340 -0.761234
2.929780 -1.425790 -0.752236
2.930760 -2.556670 -0.755985
2.935460 -2.472760 -0.746063
2.939090 1.468580 -0.758535
2.939190 1.494360 -0.761234
2.939350 -1.468070 -0.758535
2.940100 -1.381630 -0.749987
2.940540 -1.394390 -0.751337
2.940630 1.508680 -0.763034
2.944650 1.483580 -0.761234
2.948100 -2.536660 -0.755985
2.948530 1.422840 -0.755836
2.949970 -1.410860 -0.754936
2.950930 1.462290 -0.760335
2.954270 1.451120 -0.759885
2.954310 1.437720 -0.758535
2.957000 1.414220 -0.756735
2.958520 -1.365150 -0.752236
2.959040 -1.377940 -0.753586
2.959490 -1.315790 -0.747737
2.960290 1.365970 -0.752686
2.961040 1.378240 -0.754036
2.961990 -1.329310 -0.749537
2.962650 -1.342050 -0.750887
2.965740 -2.516020 -0.755985
2.968960 1.407230 -0.758535
2.969410 1.307810 -0.749087
2.970360 1.358060 -0.754036
2.971180 -2.485170 -0.752932
2.972130 -1.358870 -0.754486
2.974760 -1.310170 -0.750437
2.975310 1.347160 -0.754036
2.977290 1.323710 -0.752236
2.977530 -1.299000 -0.749987
2.977630 1.397990 -0.759435
2.979540 1.299250 -0.750437
2.980770 -2.582930 -0.766671
2.981110 -2.460940 -0.751406
2.981260 -2.546240 -0.762091
2.982940 -1.276640 -0.749087
2.983320 1.338880 -0.754936
2.983790 -1.264700 -0.748187
2.986310 -2.479280 -0.754459
2.989910 -1.219550 -0.745488
2.989930 -2.431590 -0.749116
2.990740 -1.207120 -0.744588
2.990990 -1.292460 -0.752236
2.993580 1.256540 -0.749537
2.995420 -2.399780 -0.746063
2.997280 1.282780 -0.752686
2.997490 1.184980 -0.744138
2.997950 1.246080 -0.749537
2.998150 1.270790 -0.751786
2.998150 1.295550 -0.754036
2.998970 -1.258800 -0.750887
2.999360 -2.369600 -0.743010
2.999530 -1.247360 -0.749987
3.000480 1.234870 -0.749087
3.004940 -2.425540 -0.750643
3.006850 1.177160 -0.745488
3.007510 -1.153870 -0.743688
3.008810 1.214420 -0.749087
3.011770 1.227860 -0.750887
3.012550 -1.167890 -0.745938
3.013900 -1.180530 -0.747287
3.014680 -1.241330 -0.752686
3.015420 -2.349130 -0.743010
3.016070 -2.399090 -0.749116
3.016210 -1.097210 -0.740989
3.016650 -1.205350 -0.749987
3.017450 -2.472390 -0.758275
3.018460 1.206080 -0.750437
3.020630 -1.146830 -0.745938
3.020840 -1.194820 -0.749987
3.023280 -2.287320 -0.736904
3.024010 -2.338060 -0.743010
3.028120 1.149070 -0.747737
3.028460 1.137120 -0.746837
3.031910 -2.379030 -0.749116
3.032150 -2.327490 -0.743010
3.033190 1.163120 -0.749987
3.034240 1.127220 -0.747287
3.034560 1.175810 -0.751337
3.034910 -1.056270 -0.741889
3.036130 -1.116480 -0.746837
3.036330 1.115950 -0.746837
3.036520 -1.092620 -0.745038
3.038340 1.034340 -0.740989
3.040250 1.058730 -0.743238
3.040380 1.093400 -0.745938
3.040500 1.081480 -0.745038
3.040840 -1.142980 -0.749987
3.041350 -1.130460 -0.749087
3.042150 -1.082660 -0.745488
3.042240 -1.070740 -0.744588
3.042320 -2.268500 -0.737668
3.044070 1.071390 -0.745038
3.045700 1.107340 -0.748187
3.049450 1.050010 -0.744588
3.049590 -1.037570 -0.743688
3.051480 -1.050110 -0.745038
3.052840 1.027990 -0.743688
3.058250 1.017940 -0.744138
3.059690 -2.264880 -0.739957
3.060290 -1.005580 -0.743688
3.062310 -0.947945 -0.740089
3.063700 0.982466 -0.742788
3.065080 0.971711 -0.742338
3.065670 1.007940 -0.745038
3.066890 -0.985262 -0.743688
3.068860 -0.926543 -0.740089
3.069170 -0.997233 -0.745038
3.070310 -0.974550 -0.743688
3.070750 -0.892717 -0.738289
3.071840 -0.963244 -0.743238
3.073060 -0.939528 -0.741889
3.074900 0.998504 -0.746388
3.075250 -1.022400 -0.748187
3.075360 -1.034380 -0.749087
3.075650 0.917477 -0.740989
3.075880 -0.881993 -0.738739
3.076760 0.871795 -0.738289
3.078190 0.929360 -0.742338
3.078830 -0.906734 -0.740989
3.079010 0.849258 -0.737390
3.079440 0.965039 -0.745038
3.080510 0.941808 -0.743688
3.080930 0.953708 -0.744588
3.083240 -2.232710 -0.739957
3.086850 -0.920817 -0.743688
3.088630 -0.828751 -0.738289
3.091760 0.911127 -0.744138
3.092920 0.864722 -0.741439
3.093390 -0.841034 -0.740089
3.094340 -0.852322 -0.740989
3.094920 0.900329 -0.744138
3.095250 -0.863626 -0.741889
3.095270 0.818962 -0.739189
3.096080 0.808201 -0.738739
3.096170 0.888983 -0.743688
3.096950 -0.773305 -0.736940
3.097000 0.842597 -0.740989
3.098360 -2.211670 -0.739957
3.099560 -0.877088 -0.743688
3.103770 -0.809628 -0.740539
3.104690 -0.821454 -0.741439
3.105930 0.753126 -0.737839
3.106400 0.775666 -0.739189
3.107450 -0.787461 -0.740089
3.107450 0.833802 -0.742788
3.111870 -0.719577 -0.737390
3.112240 -0.800245 -0.741889
3.112740 0.766293 -0.740089
3.114370 -0.708710 -0.737390
3.114910 0.732316 -0.738739
3.115530 -0.754877 -0.740089
3.115870 0.801759 -0.742788
3.116120 0.744089 -0.739639
3.117440 0.721438 -0.738739
3.118550 -0.767145 -0.741439
3.119120 -0.687495 -0.737390
3.121730 -2.164810 -0.738431
3.122620 -0.733554 -0.740539
3.124120 0.654939 -0.736940
3.124320 0.792315 -0.744138
3.126210 0.700508 -0.739639
3.127210 0.677842 -0.738739
3.128630 0.689592 -0.739639
3.131460 0.667327 -0.739189
3.132680 -3.465790 -0.739935
3.133770 -0.656392 -0.739189
3.138350 0.624256 -0.738739
3.138590 0.612924 -0.738289
3.138970 -0.590277 -0.737390
3.139520 -0.703491 -0.742788
3.140040 -3.448440 -0.738684
3.143030 -0.579122 -0.737839
3.146210 -0.624679 -0.740539
3.148390 -2.118820 -0.737668
3.148760 0.569389 -0.738739
3.162740 -3.449110 -0.741187
3.184880 -3.450210 -0.743690
3.187890 -3.404270 -0.738684
3.196910 -3.439080 -0.743690
3.215510 2.015520 -0.737668
3.229040 -3.354300 -0.737432
3.245200 -3.393540 -0.743690
